0 0.051154 0.021333 0.102308 0.042666
0 0.145003 0.021333 0.085390 0.042666
0 0.238276 0.023063 0.095900 0.046125
0 0.303961 0.022486 0.030215 0.044972
0 0.340745 0.021333 0.038097 0.042666
0 0.378185 0.021910 0.036784 0.043819
0 0.415625 0.020756 0.038097 0.041513
0 0.454380 0.023639 0.039411 0.047279
0 0.489849 0.020756 0.031529 0.041513
0 0.526633 0.021910 0.039411 0.043819
0 0.563417 0.021333 0.039411 0.042666
0 0.602828 0.022486 0.036784 0.044972
0 0.639611 0.021910 0.039411 0.043819
0 0.675738 0.021333 0.038097 0.042666
0 0.715806 0.023063 0.042038 0.046125
0 0.754560 0.023639 0.032842 0.047279
0 0.791344 0.022486 0.040725 0.044972
0 0.830098 0.022486 0.031529 0.044972
0 0.865568 0.022486 0.034156 0.044972
0 0.900381 0.021333 0.038097 0.042666
0 0.939792 0.023639 0.035470 0.047279
0 0.978546 0.022486 0.042038 0.044972
0 0.029478 0.216213 0.058956 0.282518
0 0.091142 0.217366 0.043352 0.282518
0 0.133837 0.215637 0.039411 0.285978
0 0.188355 0.213330 0.072253 0.290590
0 0.263893 0.213907 0.084077 0.287131
0 0.344686 0.211601 0.074881 0.287131
0 0.419567 0.212177 0.066999 0.288284
0 0.494447 0.213330 0.072253 0.290590
0 0.571299 0.212754 0.076195 0.291744
0 0.648150 0.215060 0.080136 0.291744
0 0.704639 0.219673 0.040725 0.282518
0 0.769668 0.249654 0.089332 0.217943
0 0.844548 0.250807 0.057803 0.215637
0 0.891185 0.270411 0.043352 0.178736
0 0.925998 0.270411 0.039411 0.178736
0 0.962781 0.269834 0.047293 0.177583
0 0.990369 0.268104 0.015764 0.176430
0 0.016341 0.524101 0.032682 0.289437
0 0.053044 0.524101 0.035470 0.289437
0 0.092455 0.525254 0.040725 0.294050
0 0.129239 0.525254 0.038097 0.284825
0 0.168650 0.522947 0.035470 0.289437
0 0.208061 0.522947 0.045979 0.284825
0 0.261266 0.523524 0.060430 0.288284
0 0.311186 0.522371 0.034156 0.279059
0 0.345999 0.582911 0.032842 0.167205
0 0.379499 0.584064 0.044666 0.169511
0 0.410371 0.581757 0.014451 0.164899
0 0.429652 0.583608 0.021019 0.167023
0 0.447906 0.582637 0.019913 0.163138
0 0.475009 0.581666 0.029869 0.167023
0 0.498794 0.581666 0.019913 0.167023
0 0.515941 0.582637 0.018807 0.167023
0 0.533642 0.582152 0.021019 0.169936
0 0.560192 0.582152 0.027657 0.166052
0 0.584530 0.580695 0.016594 0.168965
0 0.611634 0.582637 0.042038 0.165081
0 0.639291 0.583123 0.017700 0.169936
0 0.663629 0.582152 0.030976 0.171878
0 0.699583 0.583608 0.043145 0.167023
0 0.731112 0.580695 0.022125 0.168965
0 0.758215 0.583123 0.029869 0.167994
0 0.785018 0.583237 0.037012 0.165823
0 0.871640 0.489415 0.256719 0.017479
0 0.679670 0.489415 0.125009 0.021363
0 0.469478 0.491843 0.288737 0.020392
0 0.454543 0.459798 0.261081 0.045640
0 0.441821 0.411730 0.213511 0.052437
0 0.706733 0.467081 0.245512 0.029132
0 0.812797 0.582266 0.021019 0.168222
0 0.850508 0.583351 0.051930 0.170393
0 0.883273 0.583351 0.021019 0.170393
0 0.909238 0.582809 0.035856 0.169308
0 0.947567 0.581181 0.048221 0.172563
0 0.984042 0.583351 0.027201 0.170393
0 0.932054 0.475364 0.135891 0.015194
0 0.940709 0.459627 0.118581 0.020621
0 0.945655 0.438463 0.108690 0.019535
0 0.935764 0.419470 0.128473 0.020621
0 0.937000 0.393966 0.126000 0.030389
0 0.805997 0.446603 0.138479 0.033644
0 0.816507 0.420013 0.110042 0.028218
0 0.833198 0.395051 0.081604 0.026047
0 0.042568 0.775523 0.079873 0.175892
0 0.134352 0.774908 0.095287 0.169742
0 0.230339 0.775523 0.088281 0.175892
0 0.320722 0.774908 0.089682 0.177122
0 0.414608 0.774293 0.089682 0.175892
0 0.508493 0.776138 0.095287 0.177122
0 0.600978 0.774908 0.084077 0.179582
0 0.689959 0.774908 0.093886 0.184502
0 0.787348 0.773678 0.092484 0.186962
0 0.878431 0.773063 0.086879 0.180812
0 0.960406 0.774908 0.074268 0.182042
0 0.108514 0.896064 0.217027 0.028290
0 0.108514 0.920049 0.217027 0.022140
0 0.112632 0.949569 0.222803 0.046740
0 0.357155 0.924354 0.266243 0.075031
0 0.620596 0.920664 0.263441 0.072571
0 0.875629 0.920664 0.246625 0.075031
0 0.044755 0.982165 0.089511 0.030750
0 0.135753 0.981550 0.084077 0.031980
0 0.226135 0.979090 0.093886 0.039360
0 0.318620 0.979090 0.091083 0.041820
0 0.412506 0.979090 0.091083 0.041820
0 0.507092 0.976015 0.095287 0.045510
0 0.599577 0.974785 0.086879 0.045510
0 0.689959 0.977860 0.096688 0.041820
0 0.783845 0.977245 0.091083 0.043050
0 0.878431 0.977860 0.089682 0.041820
0 0.961807 0.977245 0.074268 0.040590
0 0.749409 0.391647 0.081211 0.030191
0 0.684918 0.402969 0.152867 0.051157
0 0.678230 0.410517 0.114650 0.042771
0 0.644790 0.420580 0.137580 0.051157
0 0.629026 0.436515 0.167198 0.047803