0 0.156065 0.502465 0.312130 0.995069
0 0.019231 0.868343 0.038462 0.263314
0 0.073225 0.522189 0.134615 0.955621
0 0.105769 0.563116 0.116864 0.871795
0 0.139053 0.535996 0.133136 0.928008
0 0.173817 0.547830 0.116864 0.904339
0 0.217456 0.553748 0.118343 0.892505
0 0.273669 0.539941 0.174556 0.920118
0 0.350592 0.552761 0.133136 0.894477
0 0.394231 0.554241 0.125740 0.885602
0 0.473373 0.537475 0.215976 0.915187
0 0.582840 0.517751 0.139053 0.962525
0 0.645710 0.543393 0.119822 0.903353
0 0.683432 0.550296 0.076923 0.889546
0 0.737426 0.571992 0.131657 0.854043
0 0.828402 0.588757 0.136095 0.820513
0 0.889053 0.574951 0.100592 0.848126
0 0.936391 0.585799 0.097633 0.826430
0 0.974112 0.578402 0.045858 0.843195