0 0.276798 0.127032 0.017638 0.252503
0 0.215350 0.130941 0.022189 0.239995
0 0.194868 0.168855 0.017638 0.164166
0 0.435880 0.140524 0.041318 0.227784
0 0.496327 0.128960 0.037747 0.255118
0 0.526168 0.127558 0.015813 0.253716
0 0.394817 0.127908 0.039788 0.254417
0 0.358600 0.127908 0.031626 0.254417
0 0.336411 0.128259 0.011732 0.255118
0 0.319374 0.127208 0.023363 0.254416
0 0.650888 0.132114 0.036266 0.252428
0 0.626312 0.150144 0.013839 0.217678
0 0.611519 0.149816 0.013839 0.217022
0 0.842479 0.129164 0.020519 0.258327
0 0.905965 0.538555 0.021590 0.161921
0 0.829256 0.468876 0.087051 0.309233
0 0.825950 0.503199 0.028094 0.244982
0 0.793411 0.490100 0.043810 0.265688
0 0.783170 0.524380 0.031293 0.198225
0 0.743205 0.486466 0.056050 0.274055
0 0.743243 0.512253 0.009595 0.222480
0 0.622945 0.474821 0.041091 0.299234
0 0.557566 0.468992 0.042942 0.307087
0 0.531615 0.492337 0.040744 0.262720
0 0.511200 0.538621 0.026627 0.172475
0 0.484784 0.509585 0.027050 0.227063
0 0.455114 0.463533 0.029755 0.315682
0 0.435545 0.495066 0.021555 0.252615
0 0.416948 0.515972 0.016484 0.209641
0 0.399197 0.496809 0.018174 0.252615
0 0.378064 0.466611 0.019865 0.314172
0 0.358347 0.450447 0.018469 0.345337
0 0.324996 0.473641 0.031379 0.301801
0 0.281454 0.465877 0.011679 0.311299
0 0.678624 0.132112 0.020957 0.254067
0 0.701430 0.127879 0.019724 0.255758
0 0.719305 0.132959 0.018491 0.248986
0 0.738190 0.159620 0.024211 0.195664
0 0.611440 0.495711 0.016437 0.266488
0 0.674310 0.471998 0.051775 0.313914
0 0.651709 0.505309 0.021368 0.242775
0 0.671433 0.508696 0.019724 0.240517
0 0.706772 0.488936 0.018080 0.268746
0 0.734145 0.513300 0.006069 0.224534
0 0.722576 0.511259 0.017069 0.225142
0 0.027515 0.123577 0.055030 0.247155
0 0.063018 0.142683 0.013609 0.217075
0 0.074852 0.126423 0.018343 0.252846
0 0.095266 0.125609 0.028402 0.247969
0 0.118935 0.125609 0.031953 0.249595
0 0.138462 0.126423 0.018935 0.252846
0 0.154734 0.128455 0.021893 0.253660
0 0.183136 0.124390 0.040828 0.245530
0 0.230769 0.128048 0.016568 0.247969
0 0.251183 0.132926 0.031361 0.246343
0 0.540237 0.129268 0.016568 0.256912
0 0.555621 0.130081 0.017751 0.255286
0 0.575148 0.130081 0.023669 0.255286
0 0.751775 0.128049 0.040828 0.256098
0 0.782249 0.131300 0.017751 0.259351
0 0.796154 0.130487 0.014793 0.257725
0 0.817751 0.131707 0.031953 0.252034
0 0.867456 0.131707 0.028402 0.260164
0 0.038462 0.489433 0.048521 0.266669
0 0.086391 0.488620 0.049704 0.265043
0 0.152959 0.488213 0.082249 0.265856
0 0.174852 0.536588 0.033728 0.165855
0 0.191420 0.539840 0.027811 0.165855
0 0.211538 0.503661 0.020710 0.239839
0 0.242308 0.471547 0.049112 0.302441
0 0.264201 0.523173 0.030178 0.197562
0 0.892899 0.532116 0.011834 0.182928
0 0.915680 0.467075 0.039645 0.321141
0 0.946746 0.478457 0.022485 0.288620
0 0.962130 0.495531 0.020118 0.254473
0 0.975148 0.487400 0.042604 0.273986
0 0.995266 0.489839 0.009467 0.264230
0 0.195858 0.661792 0.182249 0.034147
0 0.039645 0.818704 0.061538 0.346344
0 0.036391 0.884558 0.017160 0.201627
0 0.070118 0.841468 0.049112 0.286181
0 0.080769 0.843501 0.036095 0.285368
0 0.091124 0.859761 0.022485 0.264230
0 0.125740 0.824395 0.059763 0.325206
0 0.137278 0.844314 0.039053 0.280490
0 0.152367 0.872363 0.032544 0.234148
0 0.166864 0.858135 0.010651 0.260977
0 0.186686 0.830492 0.033728 0.304880
0 0.206213 0.828460 0.038462 0.312197
0 0.218047 0.845533 0.037278 0.279677
0 0.238757 0.840655 0.025444 0.292685
0 0.261243 0.826834 0.037278 0.313823
0 0.278994 0.875208 0.018343 0.220327
0 0.318935 0.814232 0.021302 0.339027
0 0.328994 0.839842 0.016568 0.279677
0 0.347337 0.812199 0.016568 0.328458
0 0.361538 0.808541 0.017751 0.327645
0 0.374852 0.848785 0.012426 0.243904
0 0.384024 0.859354 0.010651 0.237400
0 0.396154 0.845127 0.011243 0.264230
0 0.413314 0.867078 0.028994 0.236587
0 0.436095 0.847566 0.021302 0.283742
0 0.445266 0.804476 0.024260 0.316262
0 0.460947 0.819923 0.007101 0.285368
0 0.475444 0.806508 0.025444 0.320327
0 0.502071 0.804882 0.028994 0.320327
0 0.523964 0.813013 0.015976 0.331710
0 0.538166 0.834557 0.011243 0.290246
0 0.551479 0.850005 0.014201 0.265856
0 0.556805 0.807321 0.039053 0.317075
0 0.605621 0.848785 0.013609 0.279677
0 0.615089 0.841061 0.019527 0.280490
0 0.630178 0.862606 0.020118 0.239026
0 0.647041 0.867484 0.027811 0.227644
0 0.670118 0.866265 0.051479 0.236587
0 0.692012 0.836183 0.049112 0.273986
0 0.713018 0.842281 0.035503 0.269921
0 0.736391 0.880899 0.018343 0.195936
0 0.724260 0.814639 0.056805 0.330084
0 0.760947 0.850818 0.016568 0.259351
0 0.774852 0.839435 0.043195 0.275612
0 0.793491 0.821956 0.065089 0.312197
0 0.835799 0.848379 0.024260 0.260977
0 0.852663 0.852850 0.022485 0.252034
0 0.889793 0.875004 0.013314 0.209351
0 0.899038 0.894822 0.012574 0.171749
0 0.900518 0.828256 0.027367 0.302848
0 0.916050 0.857728 0.012574 0.245937
0 0.915680 0.815045 0.054734 0.327238
0 0.948595 0.839435 0.018491 0.284555
0 0.971893 0.847565 0.036982 0.270327
0 0.992973 0.855695 0.014053 0.252034
0 0.973373 0.691568 0.053254 0.070122