0 0.087278 0.339744 0.171598 0.103550
0 0.092456 0.418639 0.178994 0.073964
0 0.090237 0.514793 0.168639 0.142998
0 0.090237 0.610947 0.177515 0.069034
0 0.091716 0.678748 0.177515 0.066568
0 0.089497 0.763807 0.178994 0.118343
0 0.093195 0.882150 0.180473 0.123274
0 0.292899 0.242357 0.227811 0.081361
0 0.291420 0.337278 0.245562 0.113412
0 0.290680 0.429734 0.229290 0.091223
0 0.287722 0.493836 0.199704 0.061637
0 0.287722 0.609714 0.214497 0.184911
0 0.287722 0.760108 0.214497 0.140533
0 0.282544 0.885848 0.210059 0.130671
0 0.503698 0.209073 0.214497 0.108481
0 0.509615 0.299063 0.205621 0.101085
0 0.509615 0.381657 0.205621 0.093688
0 0.500000 0.458087 0.218935 0.093688
0 0.497041 0.534517 0.227811 0.073964
0 0.500740 0.598619 0.226331 0.069034
0 0.495562 0.665187 0.215976 0.069034
0 0.493343 0.734221 0.223373 0.088757
0 0.491124 0.793393 0.221893 0.039448
0 0.489645 0.879684 0.210059 0.128205
0 0.710059 0.267012 0.207101 0.086292
0 0.711538 0.370562 0.210059 0.135602
0 0.715976 0.480276 0.210059 0.098619
0 0.710799 0.549310 0.220414 0.054241
0 0.712278 0.613412 0.214497 0.069034
0 0.713018 0.686144 0.218935 0.086292
0 0.713018 0.766272 0.227811 0.083826
0 0.707840 0.873521 0.244083 0.135602
0 0.905325 0.286736 0.186391 0.066568
0 0.902367 0.368097 0.192308 0.086292
0 0.900888 0.455621 0.192308 0.078895
0 0.909763 0.541913 0.177515 0.098619
0 0.905325 0.652860 0.183432 0.123274
0 0.908284 0.757643 0.177515 0.096154
0 0.906065 0.872288 0.181953 0.147929