0 0.004997 0.079566 0.009994 0.156058
0 0.022294 0.079182 0.026138 0.153752
0 0.039591 0.079951 0.013069 0.153752
0 0.081400 0.081074 0.007510 0.152924
0 0.088939 0.080897 0.011354 0.145709
0 0.108099 0.082316 0.030750 0.144763
0 0.135065 0.077585 0.024127 0.155171
0 0.151623 0.082316 0.008989 0.144763
0 0.162977 0.077585 0.015612 0.155171
0 0.182373 0.078295 0.024127 0.153752
0 0.203425 0.079714 0.017977 0.149967
0 0.224714 0.076166 0.034062 0.152332
0 0.252862 0.076639 0.023181 0.153278
0 0.283139 0.076639 0.041158 0.153278
0 0.309159 0.079951 0.011827 0.147601
0 0.330921 0.077822 0.036427 0.152805
0 0.365219 0.077112 0.034062 0.153278
0 0.403539 0.076166 0.039739 0.151386
0 0.434999 0.079478 0.026019 0.144763
0 0.466932 0.074983 0.038793 0.149967
0 0.490822 0.075930 0.022235 0.151859
0 0.510455 0.076403 0.019869 0.150913
0 0.544990 0.076639 0.016085 0.151386
0 0.556344 0.079951 0.007569 0.142871
0 0.568408 0.075457 0.015612 0.150913
0 0.589933 0.075930 0.031223 0.151859
0 0.615716 0.076403 0.017504 0.149967
0 0.643864 0.075457 0.044470 0.150913
0 0.684313 0.076403 0.040212 0.150913
0 0.710569 0.075693 0.017031 0.151386
0 0.730675 0.076166 0.026019 0.152332
0 0.752200 0.075930 0.018923 0.151859
0 0.780585 0.074747 0.039739 0.149494
0 0.816539 0.075457 0.032170 0.150913
0 0.838064 0.077822 0.021289 0.147128
0 0.851547 0.075930 0.021762 0.150913
0 0.879695 0.077112 0.037373 0.144763
0 0.914703 0.074510 0.034535 0.147128
0 0.953260 0.075220 0.047308 0.148548
0 0.006623 0.280064 0.013246 0.158955
0 0.030041 0.274860 0.038320 0.164632
0 0.096745 0.268947 0.028858 0.181190
0 0.125130 0.273205 0.039266 0.169836
0 0.158955 0.279355 0.033116 0.152805
0 0.196329 0.270603 0.042577 0.174094
0 0.231573 0.274624 0.040212 0.167944
0 0.266108 0.280301 0.032643 0.154698
0 0.261141 0.193490 0.025546 0.014192
0 0.284086 0.275807 0.015612 0.158955
0 0.158246 0.192071 0.024127 0.015139
0 0.032406 0.185211 0.033589 0.016558
0 0.007806 0.191598 0.013719 0.014192
0 0.306084 0.277226 0.025546 0.156117
0 0.326426 0.279591 0.042577 0.154225
0 0.352209 0.286214 0.003312 0.150440
0 0.358596 0.275097 0.009462 0.164159
0 0.382013 0.273205 0.038320 0.164159
0 0.415129 0.278409 0.036427 0.157536
0 0.430504 0.265162 0.044470 0.183083
0 0.463620 0.271076 0.022708 0.168417
0 0.479941 0.279355 0.009935 0.154698
0 0.487984 0.283376 0.009935 0.146655
0 0.504069 0.270603 0.032643 0.171256
0 0.554688 0.269657 0.033589 0.170309
0 0.588987 0.269420 0.037847 0.172675
0 0.625414 0.277699 0.033116 0.156117
0 0.637241 0.193727 0.027439 0.013719
0 0.667755 0.193254 0.030750 0.011827
0 0.656401 0.277462 0.028858 0.157536
0 0.688097 0.275807 0.031696 0.156117
0 0.693774 0.192308 0.016558 0.013719
0 0.721450 0.268001 0.036900 0.172675
0 0.757877 0.278409 0.031223 0.152805
0 0.785789 0.273914 0.023654 0.159902
0 0.806841 0.281720 0.024127 0.146182
0 0.905715 0.276280 0.043997 0.155171
0 0.961302 0.265635 0.028385 0.183083
0 0.095326 0.487038 0.022235 0.149967
0 0.124420 0.476157 0.034062 0.170782
0 0.147838 0.474028 0.009935 0.170309
0 0.166525 0.476157 0.030277 0.169836
0 0.197985 0.479705 0.037373 0.164632
0 0.247895 0.474264 0.045416 0.178352
0 0.271549 0.487984 0.010408 0.149021
0 0.285978 0.484199 0.018450 0.153752
0 0.291655 0.396206 0.031696 0.020343
0 0.297095 0.489166 0.008515 0.144763
0 0.319803 0.478049 0.037847 0.167944
0 0.343221 0.479468 0.022235 0.166052
0 0.361434 0.481597 0.023654 0.157063
0 0.377756 0.486564 0.014666 0.150913
0 0.404721 0.472609 0.034535 0.176933
0 0.432397 0.490586 0.032170 0.141924
0 0.430504 0.405431 0.020816 0.026493
0 0.458653 0.398098 0.042104 0.041158
0 0.458653 0.488930 0.022235 0.145236
0 0.481597 0.477576 0.023654 0.166998
0 0.508090 0.479468 0.029331 0.164159
0 0.559892 0.471426 0.045889 0.175513
0 0.605545 0.470007 0.037847 0.173621
0 0.636295 0.480178 0.027439 0.155171
0 0.631091 0.394077 0.027439 0.014192
0 0.658057 0.481834 0.021762 0.155644
0 0.676270 0.482070 0.017504 0.156117
0 0.703709 0.480178 0.040212 0.159902
0 0.738244 0.479705 0.032643 0.159902
0 0.674851 0.393604 0.018450 0.017977
0 0.700397 0.391948 0.033589 0.011827
0 0.728782 0.391002 0.023181 0.015612
0 0.757404 0.396916 0.031223 0.025546
0 0.771596 0.485855 0.032170 0.146655
0 0.786262 0.403775 0.027439 0.017504
0 0.791939 0.487038 0.013246 0.146182
0 0.802346 0.485855 0.012300 0.146655
0 0.821033 0.474737 0.031696 0.168890
0 0.850601 0.480414 0.033116 0.154698
0 0.861009 0.398335 0.032170 0.008515
0 0.887501 0.391948 0.020816 0.019396
0 0.876620 0.478995 0.028385 0.155644
0 0.903586 0.479705 0.026493 0.157063
0 0.909736 0.392658 0.022708 0.017031
0 0.933390 0.486328 0.032170 0.149494
0 0.955388 0.479232 0.018450 0.158009
0 0.969581 0.480888 0.012773 0.158482
0 0.004021 0.688807 0.008042 0.155171
0 0.029331 0.677216 0.047308 0.180244
0 0.105970 0.676507 0.044470 0.180717
0 0.146892 0.677689 0.045889 0.178352
0 0.191835 0.678872 0.045889 0.175040
0 0.232756 0.679582 0.042577 0.173621
0 0.273914 0.677926 0.043524 0.181663
0 0.313653 0.679109 0.044470 0.169836
0 0.337307 0.692592 0.011354 0.148548
0 0.357650 0.680764 0.029331 0.169363
0 0.387454 0.679345 0.029331 0.174094
0 0.412764 0.602943 0.020343 0.008989
0 0.416785 0.685732 0.030277 0.154698
0 0.435235 0.597029 0.031223 0.017977
0 0.439729 0.685259 0.011827 0.153752
0 0.458889 0.685022 0.025546 0.157063
0 0.498155 0.688334 0.051093 0.145709
0 0.459126 0.597975 0.020343 0.014192
0 0.475920 0.605545 0.016085 0.011354
0 0.504542 0.597739 0.035481 0.031696
0 0.552086 0.587804 0.023654 0.010881
0 0.569827 0.587094 0.008042 0.012300
0 0.563913 0.679818 0.050147 0.168417
0 0.599158 0.681947 0.020343 0.163213
0 0.625650 0.685495 0.036427 0.158955
0 0.639606 0.603889 0.026493 0.015612
0 0.602706 0.598448 0.029331 0.014192
0 0.669174 0.597975 0.036427 0.027439
0 0.656401 0.688570 0.025073 0.149021
0 0.686915 0.687624 0.035008 0.150913
0 0.713880 0.685968 0.031223 0.154225
0 0.735169 0.685968 0.011354 0.155171
0 0.708913 0.597029 0.026019 0.027439
0 0.734459 0.599868 0.017504 0.014192
0 0.749125 0.687861 0.014666 0.148548
0 0.763317 0.680528 0.026966 0.163213
0 0.779639 0.685732 0.011354 0.157536
0 0.791939 0.687388 0.015139 0.148548
0 0.801400 0.682657 0.011354 0.156117
0 0.817722 0.687861 0.020343 0.149494
0 0.789573 0.597266 0.027439 0.030750
0 0.812991 0.602469 0.019396 0.020343
0 0.834043 0.598921 0.018923 0.008515
0 0.842795 0.686205 0.030750 0.160375
0 0.861718 0.676034 0.025073 0.170309
0 0.894124 0.674141 0.039739 0.172202
0 0.931025 0.672486 0.040685 0.181190
0 0.962721 0.689043 0.021762 0.149967
0 0.960829 0.602233 0.020816 0.019869
0 0.005677 0.879695 0.011354 0.178352
0 0.024837 0.886792 0.029804 0.159429
0 0.048254 0.884663 0.017031 0.163686
0 0.027439 0.796670 0.017031 0.018923
0 0.101476 0.883007 0.020343 0.158482
0 0.130571 0.886318 0.045416 0.153752
0 0.158009 0.810152 0.018923 0.044943
0 0.162740 0.900747 0.017977 0.132463
0 0.180954 0.878749 0.022235 0.176459
0 0.196565 0.888211 0.008989 0.149021
0 0.207210 0.887501 0.012300 0.150440
0 0.237724 0.889630 0.015612 0.153752
0 0.262324 0.891049 0.029804 0.152805
0 0.289289 0.799271 0.035481 0.023181
0 0.284559 0.886792 0.021289 0.161321
0 0.312470 0.885136 0.028858 0.162740
0 0.334705 0.889394 0.019396 0.156117
0 0.320749 0.799745 0.028385 0.019396
0 0.352446 0.801637 0.032170 0.022235
0 0.355284 0.879695 0.022708 0.168890
0 0.374208 0.891522 0.019869 0.149021
0 0.408743 0.879459 0.056770 0.173148
0 0.222585 0.878513 0.023181 0.178825
0 0.252862 0.800927 0.039266 0.025546
0 0.460782 0.880168 0.038793 0.169836
0 0.488930 0.881824 0.018450 0.165579
0 0.507617 0.800927 0.031223 0.028385
0 0.504069 0.891049 0.013719 0.148075
0 0.517078 0.891049 0.014192 0.146182
0 0.554215 0.881588 0.027912 0.170782
0 0.588040 0.880405 0.038793 0.175040
0 0.626833 0.877566 0.037847 0.180717
0 0.661841 0.884426 0.027439 0.163213
0 0.688334 0.879459 0.017977 0.170309
0 0.714353 0.874965 0.033116 0.176459
0 0.738954 0.889630 0.028385 0.149967
0 0.759769 0.879459 0.016085 0.170309
0 0.772542 0.883007 0.019869 0.164159
0 0.788391 0.795250 0.031696 0.017031
0 0.818195 0.798562 0.030750 0.026493
0 0.845397 0.797852 0.022708 0.018450
0 0.794541 0.886082 0.024127 0.158955
0 0.819851 0.889394 0.029331 0.154225
0 0.850601 0.887501 0.032170 0.154225
0 0.869524 0.873072 0.025546 0.156590
0 0.892232 0.873309 0.024600 0.153278
0 0.917542 0.868578 0.027912 0.168417
0 0.940013 0.889157 0.025546 0.153752
0 0.952313 0.867159 0.017977 0.165579
0 0.967689 0.884663 0.013719 0.163686
0 0.926661 0.266605 0.052583 0.175277
0 0.869004 0.273063 0.025830 0.156827
0 0.841328 0.270295 0.051661 0.167897
0 0.821033 0.280904 0.025830 0.150369
0 0.869465 0.190037 0.017528 0.022140
0 0.896679 0.194188 0.012915 0.023063
0 0.811808 0.202491 0.020295 0.019373
0 0.037362 0.479244 0.035978 0.176199
0 0.013838 0.494004 0.022140 0.154059
0 0.897601 0.888376 0.053506 0.160517
0 0.663745 0.792897 0.045203 0.023063