0 0.003312 0.084682 0.006623 0.087993
0 0.011827 0.072381 0.018923 0.111647
0 0.023418 0.090359 0.012773 0.077585
0 0.031223 0.083499 0.011354 0.093197
0 0.043524 0.083026 0.013246 0.096982
0 0.055114 0.084682 0.014666 0.090832
0 0.071908 0.081843 0.023654 0.094616
0 0.089176 0.082316 0.011827 0.093670
0 0.100293 0.087047 0.013246 0.085155
0 0.113540 0.085155 0.017977 0.087993
0 0.127732 0.083972 0.018923 0.089412
0 0.149494 0.030750 0.092724 0.021762
0 0.138376 0.088230 0.008042 0.077112
0 0.146655 0.087993 0.015139 0.081370
0 0.161084 0.085864 0.015612 0.086574
0 0.174094 0.085628 0.008515 0.086101
0 0.181427 0.090122 0.007096 0.078058
0 0.190415 0.086810 0.010881 0.086574
0 0.200823 0.081370 0.011827 0.097455
0 0.240325 0.079005 0.016085 0.103132
0 0.253808 0.082316 0.009935 0.096509
0 0.266818 0.084445 0.014192 0.091305
0 0.798325 0.079951 0.005204 0.100293
0 0.807077 0.085391 0.011354 0.091305
0 0.825764 0.078532 0.026019 0.105024
0 0.845397 0.082080 0.016085 0.097928
0 0.861718 0.078768 0.014666 0.108336
0 0.875674 0.085628 0.018923 0.090832
0 0.887974 0.086574 0.012300 0.087993
0 0.897672 0.089649 0.010881 0.081843
0 0.905242 0.094853 0.007096 0.077112
0 0.912811 0.080187 0.018450 0.100766
0 0.931971 0.082789 0.017031 0.096509
0 0.946400 0.077822 0.017504 0.106443
0 0.960829 0.086337 0.013246 0.089412
0 0.972183 0.084445 0.011354 0.094143
0 0.984483 0.089886 0.014192 0.083262
0 0.994418 0.086101 0.005677 0.093670
0 0.008989 0.266345 0.017977 0.100293
0 0.013483 0.271549 0.008989 0.088939
0 0.024600 0.272258 0.013246 0.088466
0 0.034062 0.277462 0.005677 0.077112
0 0.038556 0.265872 0.004258 0.095562
0 0.046362 0.267528 0.010408 0.092251
0 0.055114 0.273678 0.008989 0.084682
0 0.074274 0.267764 0.021762 0.094616
0 0.097928 0.262324 0.031223 0.104551
0 0.117324 0.267764 0.009462 0.094616
0 0.125603 0.273678 0.009935 0.083735
0 0.136957 0.267528 0.015612 0.095089
0 0.149730 0.267055 0.010881 0.096982
0 0.159429 0.274860 0.010408 0.081370
0 0.166761 0.268710 0.002365 0.095562
0 0.173148 0.268237 0.009462 0.095562
0 0.180481 0.269657 0.005204 0.091778
0 0.186631 0.273441 0.006150 0.083262
0 0.193254 0.260905 0.010881 0.104551
0 0.202952 0.265635 0.010408 0.098874
0 0.246476 0.260905 0.021762 0.104551
0 0.263506 0.259485 0.012300 0.108336
0 0.273678 0.266582 0.008042 0.098874
0 0.285505 0.263506 0.017504 0.103132
0 0.299934 0.265162 0.014192 0.097928
0 0.316728 0.264926 0.021289 0.099347
0 0.334942 0.268237 0.012300 0.095562
0 0.345586 0.266582 0.008042 0.096036
0 0.355521 0.258303 0.014666 0.109755
0 0.366402 0.266108 0.006150 0.095089
0 0.377283 0.261851 0.019396 0.105497
0 0.393604 0.266345 0.015139 0.098401
0 0.407323 0.267764 0.015139 0.092724
0 0.418484 0.261657 0.019568 0.106228
0 0.433579 0.267528 0.011741 0.094487
0 0.450911 0.260539 0.022923 0.105110
0 0.470480 0.257464 0.019568 0.113497
0 0.482780 0.246282 0.006150 0.138097
0 0.518562 0.265850 0.010623 0.098960
0 0.529185 0.274796 0.012859 0.085542
0 0.577547 0.202113 0.116292 0.008386
0 0.577826 0.211059 0.112378 0.006150
0 0.580342 0.217209 0.103992 0.007268
0 0.703472 0.305374 0.109755 0.018450
0 0.715299 0.286687 0.105024 0.017977
0 0.716719 0.273205 0.089886 0.008989
0 0.712461 0.262560 0.108809 0.010408
0 0.725234 0.251443 0.075693 0.008989
0 0.718374 0.244583 0.080897 0.005677
0 0.718611 0.239616 0.081370 0.003312
0 0.720030 0.235122 0.085155 0.005677
0 0.726653 0.227316 0.085155 0.006150
0 0.724761 0.220693 0.088939 0.006150
0 0.719794 0.213360 0.104551 0.010408
0 0.722396 0.203425 0.095562 0.006623
0 0.725234 0.194437 0.088939 0.014192
0 0.723578 0.181190 0.091305 0.013246
0 0.720503 0.168654 0.086101 0.009935
0 0.802820 0.258303 0.016085 0.112593
0 0.817485 0.266582 0.017977 0.096036
0 0.830731 0.268001 0.011354 0.094143
0 0.840903 0.269420 0.008989 0.089412
0 0.851784 0.263980 0.013719 0.102186
0 0.865739 0.262087 0.012300 0.105970
0 0.875911 0.265399 0.008989 0.101239
0 0.885136 0.268474 0.009462 0.094143
0 0.895070 0.272968 0.010408 0.083262
0 0.904059 0.270839 0.005677 0.091305
0 0.910682 0.274860 0.006623 0.083262
0 0.917069 0.268001 0.004258 0.097928
0 0.923455 0.269893 0.005677 0.091305
0 0.930315 0.271076 0.008989 0.089886
0 0.940013 0.270130 0.008515 0.091778
0 0.949475 0.269893 0.014192 0.093197
0 0.960592 0.269420 0.006150 0.094143
0 0.969817 0.259958 0.014192 0.114959
0 0.979279 0.269657 0.006623 0.096509
0 0.989923 0.266108 0.014666 0.100766
0 0.030514 0.340855 0.061028 0.011827
0 0.031696 0.357650 0.063393 0.021762
0 0.031460 0.379411 0.061974 0.020816
0 0.161557 0.380594 0.090359 0.015612
0 0.161557 0.367111 0.086574 0.010408
0 0.158955 0.356230 0.094616 0.009462
0 0.150677 0.346059 0.106443 0.014666
0 0.001419 0.442331 0.002838 0.096509
0 0.006150 0.442095 0.005677 0.096982
0 0.011354 0.441149 0.003785 0.097928
0 0.017031 0.444933 0.005677 0.093197
0 0.025310 0.443987 0.009935 0.094143
0 0.035481 0.441858 0.010408 0.100293
0 0.044943 0.443041 0.009462 0.097928
0 0.052749 0.445170 0.007096 0.097455
0 0.065049 0.439256 0.022235 0.107390
0 0.083026 0.441858 0.018450 0.104078
0 0.096272 0.441858 0.010881 0.100293
0 0.105024 0.443987 0.008515 0.097928
0 0.109991 0.448245 0.006150 0.087520
0 0.116378 0.444933 0.006623 0.093197
0 0.122765 0.441622 0.008042 0.104551
0 0.134119 0.440202 0.013719 0.104551
0 0.144763 0.446353 0.019869 0.090359
0 0.160611 0.443987 0.014666 0.094143
0 0.173858 0.439966 0.014666 0.102186
0 0.184738 0.441858 0.014666 0.101239
0 0.195619 0.443278 0.009935 0.097455
0 0.203662 0.444933 0.008042 0.093197
0 0.232756 0.437364 0.006623 0.109282
0 0.243637 0.437601 0.013246 0.109755
0 0.256410 0.437837 0.015139 0.109282
0 0.272258 0.437601 0.017504 0.109755
0 0.285032 0.439020 0.008989 0.107863
0 0.296386 0.439493 0.013719 0.105024
0 0.311288 0.433343 0.016085 0.118270
0 0.324534 0.438783 0.011354 0.106443
0 0.338253 0.439493 0.015139 0.107863
0 0.352446 0.439493 0.015139 0.109755
0 0.364273 0.438547 0.011354 0.109755
0 0.377283 0.434052 0.026966 0.117797
0 0.397625 0.434525 0.016558 0.117797
0 0.416312 0.433579 0.018923 0.116851
0 0.432397 0.439020 0.015139 0.108809
0 0.448718 0.434289 0.018450 0.117324
0 0.462201 0.442568 0.014192 0.103605
0 0.473555 0.440202 0.012300 0.109282
0 0.483726 0.440912 0.008989 0.105970
0 0.423645 0.372315 0.111174 0.007569
0 0.423881 0.357177 0.119217 0.016085
0 0.564883 0.389299 0.099016 0.020910
0 0.520153 0.442804 0.013719 0.102186
0 0.681427 0.386839 0.136531 0.020910
0 0.700492 0.371156 0.115621 0.017835
0 0.707257 0.359779 0.105781 0.007380
0 0.718020 0.352091 0.090406 0.005535
0 0.608359 0.448907 0.016984 0.090926
0 0.621369 0.448387 0.009036 0.089696
0 0.627921 0.450587 0.012300 0.086527
0 0.641759 0.448008 0.019065 0.091778
0 0.656827 0.449664 0.008610 0.087520
0 0.663875 0.448954 0.009178 0.088939
0 0.839176 0.339483 0.091636 0.011070
0 0.837331 0.352091 0.089176 0.011685
0 0.837331 0.360701 0.085486 0.004305
0 0.842558 0.370234 0.098401 0.014760
0 0.844403 0.384686 0.103321 0.016605
0 0.797355 0.444034 0.005535 0.100861
0 0.803506 0.448032 0.007995 0.092866
0 0.820418 0.440959 0.025830 0.107011
0 0.840713 0.444342 0.015990 0.097786
0 0.857011 0.440959 0.020295 0.103321
0 0.869926 0.448032 0.007995 0.090406
0 0.875769 0.445264 0.008610 0.098401
0 0.885609 0.445879 0.012300 0.093481
0 0.896679 0.445572 0.013530 0.097786
0 0.910824 0.445264 0.015990 0.097171
0 0.924969 0.445879 0.014760 0.097171
0 0.938807 0.443419 0.015375 0.099631
0 0.948339 0.452952 0.006150 0.083026
0 0.955412 0.451107 0.006765 0.086716
0 0.960640 0.445572 0.007380 0.095326
0 0.968635 0.440344 0.019680 0.102091
0 0.984932 0.449569 0.005535 0.092251
0 0.980320 0.447109 0.004920 0.100861
0 0.993850 0.453260 0.012300 0.084871
0 0.045203 0.559348 0.090406 0.015375
0 0.033825 0.546125 0.067651 0.014760
0 0.028598 0.525830 0.057196 0.027060
0 0.004305 0.617774 0.006150 0.105166
0 0.010644 0.626124 0.006150 0.085628
0 0.020343 0.623522 0.013246 0.086101
0 0.029331 0.621393 0.008515 0.083735
0 0.233939 0.615243 0.007096 0.110228
0 0.243637 0.613114 0.014192 0.112593
0 0.257593 0.613823 0.008989 0.109282
0 0.264689 0.616662 0.006150 0.109282
0 0.272732 0.615952 0.009935 0.109755
0 0.283849 0.610512 0.014192 0.119690
0 0.296622 0.613350 0.014192 0.108336
0 0.308449 0.613350 0.012300 0.115905
0 0.318384 0.615479 0.005677 0.113540
0 0.328082 0.616898 0.011827 0.112593
0 0.339436 0.614060 0.017504 0.111647
0 0.356230 0.624231 0.014192 0.086574
0 0.373025 0.619264 0.022235 0.103132
0 0.383669 0.614297 0.010408 0.109282
0 0.398335 0.614533 0.016085 0.108809
0 0.411818 0.608146 0.023181 0.121582
0 0.429795 0.612404 0.011827 0.109282
0 0.439493 0.612641 0.012300 0.108809
0 0.453449 0.614533 0.015612 0.105024
0 0.465276 0.612168 0.010881 0.105024
0 0.476157 0.615006 0.008989 0.109755
0 0.524411 0.616898 0.017504 0.101239
0 0.538130 0.616898 0.013719 0.097455
0 0.550431 0.618554 0.012773 0.093197
0 0.554925 0.624468 0.007569 0.082316
0 0.562494 0.623049 0.006623 0.088939
0 0.568171 0.625887 0.005677 0.080424
0 0.573848 0.623758 0.004731 0.086574
0 0.579288 0.623522 0.007096 0.087047
0 0.587804 0.621866 0.010881 0.088466
0 0.597502 0.625177 0.011354 0.086574
0 0.610512 0.622339 0.015612 0.096036
0 0.621156 0.622575 0.008515 0.091778
0 0.628252 0.625414 0.005677 0.086101
0 0.634639 0.625650 0.006150 0.085628
0 0.645047 0.621156 0.013719 0.099347
0 0.657583 0.621156 0.005677 0.097455
0 0.669647 0.615006 0.021289 0.110701
0 0.687151 0.617845 0.016558 0.106916
0 0.700161 0.617608 0.010408 0.103605
0 0.712461 0.613587 0.015139 0.111647
0 0.724761 0.613350 0.011354 0.112120
0 0.737298 0.613350 0.012773 0.113067
0 0.747469 0.619737 0.006623 0.098401
0 0.756458 0.612404 0.013246 0.113067
0 0.766629 0.619264 0.008989 0.099347
0 0.803056 0.617372 0.019396 0.105024
0 0.818195 0.621866 0.008989 0.100766
0 0.844214 0.562021 0.073328 0.017031
0 0.827183 0.617372 0.008989 0.104078
0 0.837355 0.616425 0.009462 0.101239
0 0.846107 0.618554 0.008042 0.096982
0 0.852493 0.622339 0.003785 0.090359
0 0.856987 0.617845 0.004258 0.104078
0 0.863847 0.626124 0.004731 0.085628
0 0.869761 0.617845 0.010881 0.101239
0 0.878749 0.619737 0.005204 0.101239
0 0.884899 0.621629 0.008042 0.092724
0 0.891049 0.619264 0.004258 0.098401
0 0.896963 0.614297 0.014192 0.114013
0 0.907607 0.622575 0.007096 0.096509
0 0.914230 0.621866 0.009935 0.093197
0 0.922273 0.619500 0.008989 0.102659
0 0.931498 0.615243 0.011354 0.099820
0 0.943798 0.617608 0.014192 0.108336
0 0.960829 0.619027 0.018923 0.107390
0 0.973129 0.620210 0.009462 0.105024
0 0.982827 0.629908 0.008989 0.087520
0 0.988504 0.623285 0.006150 0.097928
0 0.995600 0.618554 0.008042 0.107390
0 0.971662 0.556817 0.056675 0.016085
0 0.008989 0.790756 0.014192 0.109282
0 0.025546 0.796906 0.017031 0.097928
0 0.039029 0.798325 0.014666 0.096982
0 0.050856 0.800927 0.008989 0.090832
0 0.064812 0.789810 0.017977 0.114959
0 0.079478 0.796670 0.013246 0.100293
0 0.092487 0.790519 0.009935 0.115432
0 0.104788 0.797852 0.015612 0.099820
0 0.123238 0.786735 0.022235 0.120163
0 0.139796 0.792412 0.013719 0.107863
0 0.152805 0.793358 0.010408 0.107863
0 0.164396 0.787208 0.013719 0.119217
0 0.175040 0.790519 0.015139 0.115432
0 0.188996 0.786735 0.017504 0.120163
0 0.202479 0.787208 0.012300 0.121109
0 0.280064 0.713407 0.098401 0.035008
0 0.233229 0.786025 0.004731 0.108336
0 0.241035 0.785552 0.008989 0.108336
0 0.251679 0.783896 0.011354 0.110701
0 0.261614 0.784606 0.010408 0.108336
0 0.276280 0.785789 0.014192 0.105970
0 0.289289 0.785316 0.010881 0.108809
0 0.303718 0.785316 0.013246 0.109755
0 0.315309 0.783896 0.010881 0.106916
0 0.326190 0.784606 0.008042 0.107390
0 0.334705 0.787208 0.008042 0.095562
0 0.344403 0.780348 0.017031 0.118743
0 0.356940 0.786025 0.009935 0.105497
0 0.367348 0.786262 0.013719 0.106916
0 0.378702 0.786498 0.012773 0.105497
0 0.387927 0.786025 0.011354 0.107390
0 0.399754 0.787917 0.017031 0.109282
0 0.414183 0.788391 0.014666 0.112120
0 0.433579 0.788391 0.022235 0.109282
0 0.450847 0.789100 0.017031 0.109755
0 0.468824 0.787917 0.017031 0.107390
0 0.484909 0.786971 0.008515 0.108336
0 0.438310 0.728073 0.081843 0.008515
0 0.435945 0.710805 0.081843 0.023181
0 0.531744 0.792175 0.029331 0.118743
0 0.549011 0.794777 0.022235 0.105970
0 0.566515 0.789100 0.015612 0.113540
0 0.579998 0.784369 0.021762 0.123001
0 0.588750 0.793831 0.012773 0.105024
0 0.600104 0.783896 0.013719 0.119217
0 0.612404 0.789337 0.012773 0.108336
0 0.631091 0.787917 0.019869 0.112120
0 0.645047 0.798798 0.008989 0.094143
0 0.659003 0.789100 0.026493 0.107863
0 0.677453 0.792648 0.013246 0.100766
0 0.691645 0.794777 0.013246 0.104078
0 0.705838 0.786735 0.023654 0.122055
0 0.724051 0.797852 0.014666 0.095089
0 0.738954 0.794777 0.015139 0.100293
0 0.755984 0.794068 0.017977 0.105497
0 0.768285 0.798089 0.008515 0.103132
0 0.796906 0.789573 0.005204 0.103132
0 0.808023 0.783896 0.018923 0.108809
0 0.825764 0.785552 0.012773 0.107390
0 0.839720 0.786971 0.015139 0.114959
0 0.853676 0.790519 0.014666 0.111647
0 0.870943 0.790283 0.018923 0.109282
0 0.885845 0.795014 0.010881 0.101713
0 0.896963 0.794304 0.009462 0.098401
0 0.910682 0.787681 0.022708 0.123001
0 0.851074 0.728782 0.066231 0.009935
0 0.881588 0.722632 0.070489 0.013719
0 0.927950 0.793121 0.008989 0.111174
0 0.939067 0.791466 0.017031 0.110701
0 0.952313 0.802820 0.007569 0.083262
0 0.955861 0.797852 0.005204 0.094143
0 0.966506 0.790756 0.020816 0.114959
0 0.960829 0.727836 0.065285 0.026019
0 0.981881 0.794777 0.009935 0.099347
0 0.993235 0.797379 0.009935 0.100766
0 0.023351 0.890221 0.046702 0.009225
0 0.005477 0.946437 0.010955 0.103206
0 0.012004 0.949901 0.014784 0.100199
0 0.019160 0.955105 0.008989 0.089791
0 0.027439 0.949002 0.008515 0.100293
0 0.038793 0.953733 0.011354 0.089886
0 0.060318 0.939540 0.028858 0.120163
0 0.061264 0.956051 0.008989 0.087899
0 0.079005 0.941149 0.025546 0.117703
0 0.092251 0.945643 0.030277 0.108714
0 0.106680 0.953922 0.020343 0.092156
0 0.121582 0.953212 0.017977 0.093576
0 0.131044 0.958889 0.016085 0.082222
0 0.148784 0.961302 0.026966 0.076639
0 0.169836 0.950421 0.023654 0.097455
0 0.182136 0.958653 0.016085 0.082695
0 0.196092 0.941858 0.021289 0.116283
0 0.237014 0.945643 0.012300 0.108714
0 0.249787 0.950847 0.015139 0.098306
0 0.262797 0.949664 0.015612 0.100672
0 0.276043 0.952266 0.012773 0.095468
0 0.290709 0.949664 0.018450 0.100672
0 0.305611 0.945927 0.016085 0.106443
0 0.325007 0.944224 0.027439 0.111553
0 0.336834 0.955105 0.010408 0.089791
0 0.340382 0.962437 0.005204 0.075125
0 0.278209 0.085696 0.017479 0.091765
0 0.288406 0.085211 0.021363 0.092736
0 0.302000 0.081569 0.019421 0.100990
0 0.316324 0.083511 0.017965 0.098077
0 0.333074 0.084482 0.034958 0.097106
0 0.357594 0.080841 0.037386 0.104389
0 0.375316 0.077442 0.037871 0.112158
0 0.389639 0.077928 0.043212 0.106331
0 0.404205 0.084482 0.043212 0.094193
0 0.424354 0.083511 0.046611 0.100019
0 0.437706 0.089581 0.039328 0.087881
0 0.453486 0.084240 0.048553 0.098563
0 0.467567 0.087881 0.040785 0.094193
0 0.474364 0.102447 0.027190 0.058264
0 0.472422 0.095407 0.027190 0.075257
0 0.585065 0.078171 0.144688 0.017479
0 0.587493 0.087881 0.146630 0.029132
0 0.585308 0.097106 0.141290 0.039814
0 0.586522 0.106089 0.131093 0.026704
0 0.582637 0.115556 0.136920 0.016508
0 0.588221 0.125267 0.153913 0.012624
0 0.668091 0.092494 0.038842 0.078171
0 0.677316 0.076714 0.055351 0.110701
0 0.692125 0.076714 0.047097 0.112643
0 0.708390 0.081569 0.046611 0.100019
0 0.717130 0.079627 0.049524 0.105846
0 0.731695 0.090552 0.042727 0.084968
0 0.745776 0.094436 0.036900 0.078171
0 0.836813 0.184987 0.067489 0.011653
0 0.830987 0.192999 0.077199 0.019907
0 0.838270 0.204166 0.094679 0.018936
0 0.977763 0.190571 0.044475 0.027675
0 0.974607 0.198825 0.050787 0.019907
0 0.656681 0.260002 0.022820 0.114100
0 0.642843 0.260730 0.031074 0.110701
0 0.541610 0.267528 0.010196 0.099048
0 0.549621 0.267285 0.016508 0.098563
0 0.557633 0.265586 0.016023 0.098077
0 0.566279 0.268710 0.017031 0.093670
0 0.573612 0.271549 0.016558 0.088939
0 0.583310 0.265399 0.022708 0.102186
0 0.595373 0.268474 0.025073 0.094143
0 0.606018 0.268474 0.021762 0.096036
0 0.616898 0.270130 0.020816 0.095562
0 0.628252 0.270130 0.023654 0.093670
0 0.966695 0.347715 0.066610 0.017977
0 0.964566 0.369950 0.070868 0.029331
0 0.970716 0.380358 0.058568 0.037847
0 0.534582 0.443278 0.016085 0.101239
0 0.542388 0.449191 0.016558 0.085628
0 0.548302 0.444224 0.016085 0.099347
0 0.556817 0.448481 0.008515 0.089886
0 0.566279 0.445643 0.016085 0.096509
0 0.575504 0.452030 0.008042 0.087520
0 0.581890 0.450137 0.010408 0.089412
0 0.588987 0.446589 0.008515 0.096509
0 0.596083 0.446826 0.008515 0.096036
0 0.668937 0.443987 0.011354 0.099820
0 0.674851 0.445879 0.012773 0.097928
0 0.682184 0.443751 0.017031 0.103132
0 0.689517 0.447299 0.010881 0.096036
0 0.696140 0.446589 0.015612 0.095562
0 0.704182 0.449901 0.014666 0.088939
0 0.712698 0.444460 0.018450 0.099820
0 0.720976 0.444460 0.011354 0.097928
0 0.728309 0.445643 0.013719 0.097455
0 0.741319 0.449664 0.015139 0.088466
0 0.751017 0.440202 0.010881 0.109282
0 0.762844 0.432633 0.016558 0.123474
0 0.036900 0.622102 0.013246 0.082316
0 0.039029 0.614533 0.020343 0.098401
0 0.046599 0.614770 0.019396 0.097928
0 0.052749 0.614533 0.018450 0.096509
0 0.058662 0.616662 0.019869 0.094143
0 0.067887 0.615952 0.026966 0.098401
0 0.077822 0.621866 0.024127 0.087520
0 0.083262 0.616662 0.025546 0.096982
0 0.091068 0.617135 0.024127 0.096036
0 0.100530 0.619974 0.027912 0.090359
0 0.110701 0.614770 0.032170 0.103605
0 0.123238 0.624941 0.026966 0.086101
0 0.130334 0.623522 0.024127 0.087047
0 0.134828 0.616898 0.026493 0.101239
0 0.146182 0.624231 0.024600 0.087520
0 0.156353 0.615716 0.026019 0.104551
0 0.170546 0.619500 0.022235 0.099820
0 0.186394 0.611221 0.023654 0.112593
0 0.201060 0.616189 0.014192 0.100766
0 0.434999 0.548775 0.089412 0.030277
0 0.183792 0.726180 0.035481 0.014192
0 0.128915 0.732803 0.068597 0.034062
0 0.029095 0.723578 0.058189 0.043050
0 0.064576 0.730911 0.060081 0.027439
0 0.350554 0.955341 0.020816 0.089318
0 0.361434 0.957943 0.022708 0.084114
0 0.370659 0.959835 0.026019 0.080329
0 0.383196 0.958416 0.022708 0.083168
0 0.390529 0.958889 0.025073 0.082222
0 0.399281 0.959835 0.027439 0.080329
0 0.407560 0.958889 0.023181 0.082222
0 0.412291 0.959126 0.027912 0.081749
0 0.426483 0.960545 0.026019 0.078910
0 0.435472 0.963147 0.015612 0.073706
0 0.446589 0.963431 0.018923 0.072381
0 0.453922 0.965276 0.022235 0.069448
0 0.469060 0.955861 0.028858 0.087520
0 0.476157 0.961018 0.026966 0.077964
0 0.517551 0.790756 0.011354 0.121582
0 0.527013 0.940676 0.032170 0.118649
0 0.538367 0.946636 0.015139 0.105970
0 0.556107 0.942331 0.035481 0.115337
0 0.570063 0.952503 0.017031 0.094995
0 0.580708 0.946353 0.025073 0.107295
0 0.592535 0.954158 0.019396 0.091683
0 0.608383 0.949428 0.015139 0.101145
0 0.614533 0.957470 0.012300 0.085060
0 0.622339 0.952739 0.011827 0.094522
0 0.630854 0.957233 0.017504 0.085533
0 0.645047 0.944697 0.032643 0.110606
0 0.658530 0.951320 0.018923 0.097360
0 0.669647 0.948481 0.027912 0.103037
0 0.680764 0.947819 0.020816 0.103605
0 0.691172 0.950374 0.017977 0.099253
0 0.700634 0.946873 0.025546 0.103605
0 0.716719 0.946636 0.021762 0.105024
0 0.732094 0.945454 0.017504 0.106443
0 0.750071 0.949238 0.020343 0.100766
0 0.764736 0.936654 0.014666 0.126691
0 0.804712 0.939777 0.019869 0.118743
0 0.820087 0.953449 0.026019 0.093102
0 0.839247 0.951840 0.017031 0.092724
0 0.852020 0.952266 0.017977 0.095468
0 0.867632 0.951604 0.015139 0.095089
0 0.877093 0.958416 0.012300 0.083168
0 0.891759 0.952266 0.021762 0.095468
0 0.905005 0.953260 0.014192 0.091778
0 0.918015 0.944744 0.019396 0.109755
0 0.933390 0.941906 0.017031 0.114486
0 0.944034 0.949238 0.010881 0.099820
0 0.954442 0.952077 0.013719 0.095089
0 0.964850 0.948056 0.019396 0.103132
0 0.978096 0.953023 0.013719 0.093197
0 0.988031 0.945454 0.022235 0.108336
0 0.823635 0.895544 0.025546 0.020816
0 0.866922 0.904769 0.073328 0.017504
0 0.869051 0.888684 0.067178 0.018450