0 0.204987 0.600169 0.052832 0.472844
0 0.241970 0.497807 0.076078 0.672284
0 0.291631 0.472712 0.044379 0.725116
0 0.323331 0.450259 0.044379 0.756815
0 0.353445 0.445636 0.036982 0.773986
0 0.383965 0.459291 0.035113 0.749602
0 0.428425 0.533256 0.076240 0.624431
0 0.485890 0.503385 0.059172 0.664258
0 0.528562 0.453602 0.042103 0.772360
0 0.560992 0.467114 0.043241 0.748179
0 0.590578 0.475649 0.040965 0.725421
0 0.619026 0.512631 0.036413 0.659991
0 0.645767 0.519743 0.035275 0.623009
0 0.669663 0.485605 0.033000 0.711197
0 0.708921 0.495562 0.056896 0.694128
0 0.751593 0.538234 0.037551 0.591716
0 0.795403 0.620733 0.070551 0.421029