0 0.175049 0.046570 0.306706 0.093140
0 0.173077 0.073855 0.286982 0.147272
0 0.156312 0.330703 0.150888 0.422529
0 0.189842 0.314048 0.158777 0.431295
0 0.227811 0.296515 0.155819 0.431295
0 0.282051 0.284243 0.177515 0.438308
0 0.320513 0.266710 0.161736 0.427789
0 0.497041 0.257068 0.250493 0.198115
0 0.506410 0.344729 0.255424 0.142012
0 0.510848 0.398203 0.250493 0.143765
0 0.073471 0.737453 0.129191 0.520710
0 0.133136 0.725181 0.130178 0.541749
0 0.191321 0.712032 0.161736 0.529476
0 0.249014 0.728687 0.095661 0.387464
0 0.268245 0.726934 0.094675 0.376945
0 0.287968 0.713785 0.088757 0.375192
0 0.305720 0.710278 0.088757 0.368179
0 0.323964 0.703265 0.089744 0.368179
0 0.344675 0.695376 0.087771 0.373439
0 0.364398 0.686610 0.085799 0.366426
0 0.384615 0.674337 0.088757 0.380451
0 0.409270 0.663818 0.090730 0.380451
0 0.441815 0.653298 0.094675 0.387464
0 0.484221 0.638396 0.090730 0.399737
0 0.531558 0.619110 0.100592 0.392724
0 0.573471 0.612097 0.083826 0.392724
0 0.606016 0.593688 0.075937 0.390971
0 0.632643 0.584922 0.071992 0.387464
0 0.829389 0.792680 0.341223 0.217401
0 0.845661 0.732194 0.308679 0.149025
0 0.839744 0.691869 0.320513 0.170064
0 0.821006 0.622617 0.354043 0.224414
0 0.939842 0.404339 0.120316 0.320842
0 0.680473 0.406969 0.143984 0.413763
0 0.712032 0.393820 0.153846 0.397984
0 0.746055 0.387684 0.144970 0.399737
0 0.771696 0.382424 0.162722 0.403243
0 0.806213 0.366645 0.146943 0.403243
0 0.823964 0.362262 0.174556 0.390971
0 0.860454 0.354372 0.127219 0.385711
0 0.864892 0.341223 0.181460 0.401490