0 0.017012 0.851585 0.034024 0.123612
0 0.045118 0.731012 0.090237 0.360704
0 0.079882 0.720880 0.153846 0.380968
0 0.140533 0.749250 0.112426 0.336386
0 0.181953 0.742158 0.144970 0.334360
0 0.242604 0.758369 0.153846 0.314096
0 0.289201 0.794845 0.093195 0.245197
0 0.322485 0.785726 0.112426 0.263435
0 0.366864 0.770528 0.121302 0.293832
0 0.428994 0.752290 0.139053 0.330307
0 0.496302 0.784713 0.107988 0.269514
0 0.566568 0.755329 0.142012 0.328281
0 0.635355 0.780660 0.105030 0.269514
0 0.681213 0.759382 0.119822 0.312069
0 0.733728 0.751277 0.144970 0.328281
0 0.803254 0.755329 0.139053 0.320175
0 0.847633 0.725946 0.168639 0.382994
0 0.914941 0.735065 0.137574 0.368809
0 0.954882 0.747224 0.090237 0.340439
0 0.945266 0.579031 0.109467 0.243171