0 0.768450 0.179889 0.455720 0.090406
0 0.755535 0.235240 0.485240 0.086716
0 0.757380 0.283210 0.485240 0.068266
0 0.768450 0.345018 0.452030 0.114391
0 0.844096 0.406827 0.311808 0.079336
0 0.834871 0.465867 0.330258 0.079336
0 0.827491 0.515683 0.345018 0.057196
0 0.816421 0.593173 0.359779 0.156827
0 0.803506 0.700185 0.322878 0.108856
0 0.819188 0.802583 0.343173 0.136531
0 0.449262 0.367159 0.555351 0.107011
0 0.440037 0.434502 0.581181 0.090406
0 0.384686 0.488007 0.592251 0.094096
0 0.383764 0.553506 0.634686 0.099631
0 0.360701 0.627306 0.625461 0.081181
0 0.356089 0.699262 0.623616 0.099631
0 0.349631 0.766605 0.654982 0.112546
0 0.346863 0.844096 0.645756 0.116236