0 0.138220 0.553506 0.274113 0.232472
0 0.167854 0.630074 0.328442 0.178967
0 0.138873 0.716790 0.277746 0.057196
0 0.167272 0.761070 0.334544 0.138376
0 0.269103 0.408672 0.288930 0.817343
0 0.317258 0.438192 0.217315 0.728782
0 0.358005 0.433579 0.190150 0.719557
0 0.399986 0.432657 0.170395 0.725092
0 0.445671 0.478782 0.128413 0.651292
0 0.454315 0.462177 0.160517 0.680812
0 0.512347 0.538745 0.098779 0.479705
0 0.555563 0.471402 0.190150 0.640221
0 0.808686 0.552583 0.375362 0.197417
0 0.812390 0.609779 0.372892 0.208487
0 0.808686 0.728782 0.370423 0.103321