0 0.047337 0.609857 0.094675 0.736686
0 0.133136 0.627628 0.082840 0.720531
0 0.316568 0.391759 0.331361 0.210020
0 0.395710 0.569468 0.486686 0.242331
0 0.397189 0.760102 0.474852 0.184172
0 0.414201 0.900654 0.434911 0.155092
0 0.464497 0.268978 0.363905 0.468507
0 0.657544 0.662761 0.057692 0.674478
0 0.704882 0.620757 0.087278 0.758486
0 0.775888 0.621166 0.081361 0.746380
0 0.840976 0.638936 0.072485 0.697913
0 0.897189 0.638936 0.078402 0.684989
0 0.949704 0.627628 0.079882 0.720531
0 0.977811 0.685378 0.044379 0.629243
0 0.829142 0.147812 0.258876 0.277873