0 0.160472 0.312731 0.052795 0.326568
0 0.212357 0.318266 0.050975 0.322878
0 0.271524 0.316421 0.056436 0.330258
0 0.337063 0.314576 0.063718 0.326568
0 0.400781 0.312731 0.056436 0.322878
0 0.461769 0.302583 0.058257 0.354244
0 0.510013 0.305351 0.041872 0.341328
0 0.560988 0.304428 0.060077 0.346863
0 0.619245 0.308118 0.067360 0.343173
0 0.686604 0.305351 0.067360 0.341328
0 0.741220 0.303506 0.045513 0.345018
0 0.785823 0.304428 0.050975 0.343173
0 0.828605 0.322878 0.045513 0.306273
0 0.870477 0.321956 0.041872 0.297048
0 0.164113 0.692804 0.092847 0.308118
0 0.238754 0.690037 0.056436 0.313653
0 0.276985 0.685424 0.063718 0.304428
0 0.327960 0.690037 0.089206 0.306273
0 0.381666 0.685424 0.083744 0.300738
0 0.424448 0.688192 0.071001 0.306273
0 0.465410 0.695572 0.069180 0.295203
0 0.502731 0.685424 0.045513 0.311808
0 0.537195 0.687852 0.034494 0.295883
0 0.562108 0.687512 0.022996 0.295203
0 0.586541 0.690911 0.037369 0.290348
0 0.613849 0.691882 0.049825 0.288406
0 0.653134 0.690911 0.051741 0.296174
0 0.712541 0.674888 0.070905 0.318508
0 0.785362 0.681686 0.068988 0.306856
0 0.838540 0.685570 0.045034 0.295203