0 0.074704 0.520160 0.134615 0.959680
0 0.113905 0.641227 0.068047 0.692290
0 0.161982 0.551229 0.054734 0.888900
0 0.225592 0.566460 0.090237 0.841824
0 0.316568 0.518775 0.109467 0.962449
0 0.401627 0.595536 0.096154 0.789210
0 0.461538 0.633695 0.044379 0.732609
0 0.527367 0.512461 0.113905 0.960898
0 0.621302 0.607997 0.085799 0.742135
0 0.677515 0.605228 0.041420 0.786441
0 0.711538 0.513846 0.100592 0.958129
0 0.789201 0.551229 0.072485 0.861208
0 0.834320 0.506923 0.118343 0.966436
0 0.907544 0.632311 0.063609 0.735378
0 0.955621 0.545691 0.079882 0.866747