0 0.050738 0.516605 0.097786 0.955720
0 0.107011 0.535055 0.081181 0.811808
0 0.165129 0.554428 0.112546 0.861624
0 0.232472 0.544280 0.084871 0.815498
0 0.290590 0.554428 0.090406 0.824723
0 0.359779 0.547970 0.073801 0.822878
0 0.425277 0.548893 0.071956 0.828413
0 0.491697 0.500923 0.075646 0.946494
0 0.554428 0.520295 0.057196 0.885609
0 0.614391 0.520295 0.077491 0.915129
0 0.677122 0.523063 0.099631 0.909594
0 0.750000 0.511070 0.123616 0.889299
0 0.818266 0.556273 0.134686 0.817343
0 0.869004 0.614391 0.081181 0.734317
0 0.890221 0.614391 0.071956 0.723247
0 0.910517 0.615314 0.071956 0.736162
0 0.934502 0.619926 0.071956 0.738007
0 0.914207 0.525830 0.164207 0.937269