0 0.021727 0.163891 0.043454 0.327783
0 0.028661 0.171480 0.025888 0.315385
0 0.053198 0.173070 0.018776 0.315492
0 0.073680 0.173925 0.022189 0.318912
0 0.111231 0.167513 0.062016 0.333447
0 0.140533 0.166658 0.043241 0.309507
0 0.160162 0.182475 0.025603 0.300102
0 0.187187 0.165375 0.033000 0.327462
0 0.227299 0.167513 0.056327 0.333447
0 0.243514 0.170078 0.029586 0.319767
0 0.268548 0.176490 0.027310 0.303522
0 0.291875 0.165375 0.031862 0.318912
0 0.315487 0.164093 0.036982 0.326607
0 0.358443 0.169223 0.055758 0.318057
0 0.370960 0.180765 0.040965 0.291552
0 0.413348 0.164553 0.083637 0.329106
0 0.564690 0.180765 0.035844 0.305232
0 0.593423 0.163665 0.033000 0.322332
0 0.625569 0.186323 0.030155 0.287277
0 0.647474 0.164520 0.033000 0.327462
0 0.675922 0.164948 0.030724 0.326607
0 0.704654 0.165836 0.032431 0.331671
0 0.731111 0.165836 0.029586 0.331671
0 0.756998 0.166230 0.033569 0.329172
0 0.785446 0.188033 0.030155 0.282147
0 0.815032 0.186323 0.034706 0.290697
0 0.844333 0.194873 0.030724 0.275307
0 0.870790 0.184613 0.039258 0.292407
0 0.905212 0.184613 0.036413 0.290697
0 0.933375 0.181193 0.027879 0.300957
0 0.955280 0.185895 0.015931 0.294972
0 0.961538 0.170078 0.042103 0.326607
0 0.990271 0.180338 0.017638 0.311217
0 0.022758 0.806191 0.045517 0.311217
0 0.046939 0.810466 0.033569 0.306087
0 0.093025 0.782252 0.069982 0.360806
0 0.118059 0.813886 0.047223 0.292407
0 0.146222 0.814314 0.046655 0.291552
0 0.171541 0.813459 0.042672 0.291552
0 0.190032 0.819016 0.029586 0.290697
0 0.222178 0.805764 0.049499 0.312072
0 0.253471 0.804909 0.042672 0.313782
0 0.285901 0.810039 0.043810 0.308652
0 0.318901 0.807046 0.034706 0.306087
0 0.350762 0.806619 0.038120 0.308652
0 0.378072 0.808329 0.026741 0.303522
0 0.407943 0.804054 0.035275 0.310362
0 0.431839 0.808756 0.021620 0.304377
0 0.448623 0.792511 0.018776 0.343706
0 0.555473 0.813525 0.020710 0.322332
0 0.573595 0.800742 0.027367 0.341227
0 0.596893 0.838533 0.028107 0.270092
0 0.614275 0.814636 0.022929 0.311217
0 0.630917 0.804633 0.019231 0.337892
0 0.659024 0.803521 0.041420 0.340115
0 0.696006 0.800742 0.035503 0.352342
0 0.727441 0.812413 0.034763 0.317886
0 0.754438 0.810190 0.039941 0.340115
0 0.782544 0.785737 0.042899 0.369014
0 0.817308 0.812969 0.041420 0.321220
0 0.843935 0.813525 0.044379 0.326778
0 0.867973 0.805188 0.043639 0.339004
0 0.893121 0.801854 0.040680 0.332335
0 0.933432 0.800742 0.066568 0.341227
0 0.972633 0.797408 0.050296 0.359011