0 0.020109 0.505535 0.032869 0.985240
0 0.066126 0.504613 0.124903 0.983395
0 0.166377 0.502768 0.108468 0.987085
0 0.251016 0.502768 0.077243 0.994465
0 0.313467 0.500923 0.041087 0.998155
0 0.341406 0.499077 0.037800 0.998155
0 0.372632 0.499077 0.044373 0.998155
0 0.413718 0.500923 0.034513 0.990775
0 0.440835 0.500000 0.032869 1.000000
0 0.476992 0.503690 0.032869 0.988930
0 0.496713 0.513838 0.052591 0.953875
0 0.523830 0.500000 0.064095 1.000000
0 0.554234 0.500000 0.075599 1.000000
0 0.584638 0.499077 0.077243 0.987085
0 0.612577 0.496310 0.077243 0.992620
0 0.634764 0.498155 0.069025 0.996310
0 0.665990 0.496310 0.075599 0.992620
0 0.699681 0.500000 0.073956 1.000000
0 0.732550 0.494465 0.067382 0.988930
0 0.778567 0.502768 0.090390 0.935424
0 0.882105 0.494465 0.152842 0.988930
0 0.974139 0.493542 0.047660 0.987085