0 0.489645 0.127401 0.952663 0.172992
0 0.503698 0.197263 0.602071 0.051011
0 0.509615 0.960204 0.607988 0.042139
0 0.506004 0.928815 0.599548 0.032615
0 0.504699 0.895547 0.600418 0.041748
0 0.508615 0.862279 0.592586 0.037834
0 0.516446 0.834882 0.590846 0.019569
0 0.509920 0.817922 0.572572 0.022179
0 0.510790 0.793134 0.602158 0.035225
0 0.504264 0.767042 0.587365 0.019569
0 0.507309 0.750082 0.596937 0.024788
0 0.504264 0.722033 0.590846 0.036529
0 0.502088 0.691374 0.588235 0.019569
0 0.501653 0.677023 0.592586 0.019569
0 0.500348 0.648322 0.593456 0.032615
0 0.496867 0.625491 0.572572 0.023483
0 0.505134 0.604617 0.585625 0.020874
0 0.501653 0.576568 0.597807 0.045662
0 0.504264 0.544604 0.583884 0.018265
0 0.506874 0.528949 0.585625 0.026092
0 0.501653 0.504161 0.585625 0.039139
0 0.502088 0.476764 0.581274 0.028702
0 0.500783 0.453281 0.597807 0.026092
0 0.498173 0.429798 0.599548 0.044357
0 0.499913 0.401096 0.583884 0.020874
0 0.501218 0.380875 0.591716 0.030006
0 0.500348 0.353478 0.598677 0.048271
0 0.494257 0.325428 0.593456 0.031311
0 0.498173 0.304555 0.589105 0.031311
0 0.501218 0.281071 0.591716 0.041748
0 0.505134 0.241933 0.589105 0.033920