0 0.051775 0.553307 0.103550 0.675219
0 0.035503 0.582181 0.038462 0.586375
0 0.070266 0.605503 0.034024 0.530847
0 0.114645 0.605503 0.054734 0.530847
0 0.176775 0.603282 0.072485 0.535289
0 0.248521 0.598840 0.079882 0.530847
0 0.296598 0.598840 0.039941 0.526405
0 0.325444 0.598840 0.032544 0.530847
0 0.360207 0.538870 0.060651 0.659672
0 0.377959 0.604392 0.031065 0.524184
0 0.411243 0.601061 0.038462 0.530847
0 0.447485 0.597729 0.034024 0.590817
0 0.483728 0.585513 0.044379 0.566385
0 0.523669 0.357849 0.032544 0.328725
0 0.556953 0.357849 0.028107 0.288745
0 0.590976 0.396718 0.048817 0.237659
0 0.634615 0.366733 0.044379 0.279861
0 0.672337 0.405603 0.039941 0.317620
0 0.706361 0.433366 0.034024 0.230996
0 0.742604 0.396718 0.038462 0.290966
0 0.771450 0.427814 0.019231 0.215448
0 0.789201 0.408934 0.019231 0.199901
0 0.815089 0.412266 0.032544 0.197679
0 0.845414 0.420040 0.031065 0.186574
0 0.866864 0.407824 0.041420 0.282082
0 0.900148 0.395608 0.028107 0.275418
0 0.943047 0.577739 0.048817 0.626355
0 0.971893 0.536648 0.056213 0.704094
0 0.663462 0.565523 0.673077 0.162142
0 0.698964 0.693237 0.581361 0.151036
0 0.726331 0.807625 0.520710 0.157699
0 0.721154 0.917570 0.460059 0.151036