0 0.345613 0.120964 0.055414 0.156596
0 0.385109 0.121033 0.020760 0.160886
0 0.409329 0.123616 0.025950 0.154244
0 0.437874 0.124723 0.027680 0.144649
0 0.469879 0.124723 0.027680 0.147601
0 0.491504 0.126199 0.022490 0.146125
0 0.516589 0.128782 0.027680 0.142435
0 0.539943 0.125830 0.020760 0.148339
0 0.565893 0.119557 0.036330 0.160886
0 0.595303 0.123247 0.022490 0.156458
0 0.616063 0.122509 0.022490 0.153506
0 0.643311 0.121033 0.035465 0.154982
0 0.675748 0.123616 0.036330 0.151292
0 0.702995 0.127306 0.025085 0.142435
0 0.728080 0.124354 0.026815 0.154244
0 0.759653 0.117343 0.039790 0.162362
0 0.791657 0.122878 0.027680 0.154244
0 0.819337 0.125830 0.031140 0.146863
0 0.849180 0.123247 0.033735 0.154982
0 0.882482 0.125461 0.039790 0.150554
0 0.910594 0.129889 0.023355 0.141697
0 0.934382 0.125461 0.034600 0.150554
0 0.957737 0.126199 0.020760 0.146125
0 0.972874 0.124354 0.019895 0.151292
0 0.989309 0.126568 0.018165 0.146863
0 0.019555 0.343911 0.039111 0.191882
0 0.058573 0.351661 0.038925 0.179336
0 0.087550 0.357196 0.019030 0.165314
0 0.116095 0.351661 0.036330 0.173432
0 0.149830 0.355720 0.036330 0.163838
0 0.182268 0.361255 0.033735 0.157196
0 0.217300 0.356458 0.038060 0.163838
0 0.252332 0.359779 0.040655 0.157196
0 0.283905 0.357565 0.032870 0.157196
0 0.311152 0.350185 0.030275 0.174908
0 0.347049 0.345018 0.043250 0.185240
0 0.385974 0.350923 0.034600 0.176384
0 0.419709 0.346863 0.038060 0.184502
0 0.450416 0.354982 0.032005 0.166790
0 0.488476 0.341328 0.073525 0.191144
0 0.537349 0.340959 0.074390 0.194834
0 0.514426 0.579336 0.035465 0.203690
0 0.553351 0.583026 0.038925 0.188930
0 0.586653 0.587454 0.034600 0.178598
0 0.613901 0.578967 0.028545 0.201476
0 0.639851 0.582657 0.028545 0.188192
0 0.668395 0.589299 0.033735 0.177860
0 0.704725 0.585609 0.040655 0.191144
0 0.745380 0.582657 0.037195 0.192620
0 0.776087 0.584133 0.027680 0.189668
0 0.807660 0.587085 0.042385 0.180812
0 0.854802 0.586347 0.062280 0.180812
0 0.927462 0.584502 0.095150 0.181550
0 0.017825 0.843911 0.035651 0.157196
0 0.051653 0.836531 0.040655 0.161624
0 0.079766 0.837269 0.022490 0.155720
0 0.106148 0.840959 0.030275 0.149815
0 0.130800 0.843911 0.019030 0.148339
0 0.151993 0.844280 0.028545 0.146125
0 0.176645 0.844280 0.027680 0.149077
0 0.206055 0.843173 0.043250 0.149815
0 0.241952 0.839852 0.028545 0.157934
0 0.270065 0.838376 0.024220 0.157934
0 0.292122 0.837269 0.021625 0.158672
0 0.312450 0.835424 0.024220 0.160886
0 0.338399 0.839852 0.034600 0.156458
0 0.367809 0.841328 0.029410 0.153506
0 0.388137 0.847601 0.018165 0.138007
0 0.409762 0.844280 0.026815 0.144649
0 0.435279 0.840959 0.027680 0.151292
0 0.461661 0.842804 0.026815 0.147601
0 0.487611 0.846863 0.023355 0.140959
0 0.509669 0.848339 0.020760 0.139483
0 0.548161 0.834317 0.071795 0.161624
0 0.605683 0.835424 0.041520 0.162362
0 0.647203 0.835055 0.039790 0.161624
0 0.687425 0.825092 0.044115 0.185978
0 0.723323 0.828044 0.038060 0.178598
0 0.751003 0.832841 0.024220 0.170480
0 0.771762 0.836162 0.019030 0.162362
0 0.792955 0.832841 0.025085 0.167528
0 0.816310 0.835424 0.030275 0.160886
0 0.847882 0.825092 0.039790 0.185978
0 0.880752 0.830996 0.031140 0.172694
0 0.925299 0.818081 0.038925 0.197048
0 0.953844 0.818081 0.023355 0.195572
0 0.979362 0.816974 0.036330 0.199262