0 0.019878 0.128143 0.039756 0.255050
0 0.048539 0.142005 0.034209 0.241189
0 0.088295 0.132302 0.034209 0.255050
0 0.125740 0.144084 0.044379 0.214852
0 0.201553 0.127141 0.057322 0.254282
0 0.236686 0.125755 0.049926 0.251510
0 0.292160 0.064765 0.031435 0.129529
0 0.331453 0.066151 0.026812 0.132302
0 0.353643 0.064765 0.023114 0.129529
0 0.376294 0.062685 0.022189 0.125371
0 0.399408 0.064765 0.018491 0.129529
0 0.423447 0.064072 0.020340 0.128143
0 0.445174 0.066151 0.019416 0.132302
0 0.465514 0.063379 0.023114 0.126757
0 0.490939 0.064072 0.024038 0.128143
0 0.528384 0.065458 0.045303 0.130915
0 0.559819 0.064072 0.021265 0.128143
0 0.582470 0.064072 0.022189 0.128143
0 0.599575 0.063379 0.021265 0.126757
0 0.622226 0.059913 0.020340 0.119826
0 0.640717 0.081707 0.020340 0.109505
0 0.666143 0.061299 0.037907 0.122599
0 0.293084 0.318045 0.025888 0.196832
0 0.312038 0.313193 0.017567 0.195446
0 0.330529 0.316658 0.015717 0.205149
0 0.350869 0.306262 0.030510 0.220396
0 0.370285 0.290322 0.013868 0.255050
0 0.397097 0.305569 0.036058 0.216238
0 0.425296 0.309035 0.033284 0.217624
0 0.447947 0.345767 0.013868 0.138614
0 0.459967 0.345767 0.012019 0.138614
0 0.471061 0.342995 0.015717 0.138614
0 0.484005 0.344381 0.013868 0.144159
0 0.504808 0.322203 0.035133 0.180198
0 0.526535 0.323589 0.017567 0.171882
0 0.541328 0.326361 0.017567 0.169109
0 0.562130 0.327054 0.024038 0.159406
0 0.582933 0.338144 0.013868 0.140000
0 0.592178 0.360322 0.015717 0.098416
0 0.605584 0.360322 0.012944 0.098416
0 0.712371 0.117438 0.019416 0.234876
0 0.742881 0.117438 0.036058 0.234876
0 0.776627 0.120903 0.035133 0.241807
0 0.807138 0.142005 0.029586 0.188515
0 0.838572 0.132302 0.027737 0.216238
0 0.853828 0.117438 0.017567 0.234876
0 0.876479 0.118824 0.035133 0.237648
0 0.913462 0.119517 0.033284 0.239035
0 0.942585 0.119517 0.026812 0.239035
0 0.968010 0.118131 0.025888 0.236262
0 0.989275 0.120210 0.020340 0.240421
0 0.715607 0.440025 0.027737 0.285545
0 0.737796 0.444876 0.024038 0.273070
0 0.770155 0.455273 0.038831 0.260595
0 0.807600 0.476065 0.037907 0.221783
0 0.850129 0.473985 0.045303 0.217624
0 0.891734 0.473292 0.037907 0.230099
0 0.930566 0.449728 0.045303 0.271684
0 0.961538 0.445570 0.018491 0.280001
0 0.982803 0.474679 0.024038 0.219010
0 0.994638 0.466362 0.010725 0.243961
0 0.036058 0.468441 0.046228 0.259208
0 0.077663 0.467055 0.038831 0.256436
0 0.118805 0.468441 0.045303 0.248119
0 0.165033 0.467748 0.045303 0.243961
0 0.202478 0.449728 0.033284 0.282773
0 0.232064 0.460817 0.022189 0.266139
0 0.236686 0.508639 0.009246 0.173268
0 0.252404 0.498936 0.016642 0.203763
0 0.010170 0.749134 0.020340 0.252278
0 0.049001 0.744976 0.053624 0.252278
0 0.077663 0.777550 0.031435 0.192674
0 0.106786 0.758837 0.030510 0.224555
0 0.130825 0.763689 0.023114 0.214852
0 0.160873 0.742897 0.049926 0.245347
0 0.204789 0.743590 0.034209 0.243961
0 0.231139 0.744283 0.022189 0.253664
0 0.249168 0.758837 0.028661 0.235644
0 0.296320 0.598738 0.030510 0.311882
0 0.319896 0.601510 0.025888 0.306337
0 0.345322 0.599431 0.036058 0.304951
0 0.373058 0.601510 0.026812 0.306337
0 0.398946 0.601510 0.032359 0.309109
0 0.425296 0.603590 0.022189 0.304951
0 0.449797 0.626461 0.032359 0.264753
0 0.476146 0.622996 0.027737 0.257822
0 0.555658 0.706164 0.027737 0.110891
0 0.574149 0.670124 0.051775 0.163565
0 0.597263 0.647253 0.036982 0.212080
0 0.625000 0.656956 0.027737 0.206535
0 0.639331 0.641015 0.030510 0.235644
0 0.661058 0.638243 0.016642 0.224555
0 0.675388 0.662501 0.017567 0.184357
0 0.715607 0.752600 0.029586 0.259208
0 0.740107 0.760917 0.015717 0.214852
0 0.764146 0.751907 0.032359 0.241189
0 0.799741 0.751907 0.033284 0.243961
0 0.834412 0.752600 0.034209 0.245347
0 0.870007 0.752600 0.036982 0.250892
0 0.903754 0.765768 0.030510 0.230099
0 0.931028 0.768540 0.031435 0.216238
0 0.956453 0.756065 0.034209 0.232872
0 0.981416 0.784481 0.032359 0.192674
0 0.004623 0.968838 0.009246 0.059604
0 0.019878 0.950125 0.023114 0.091485
0 0.045766 0.957749 0.028661 0.079010
0 0.070427 0.955657 0.022511 0.088687
0 0.084959 0.964512 0.016843 0.070976
0 0.101259 0.960508 0.021305 0.078984
0 0.120916 0.959881 0.020581 0.077142
0 0.141819 0.958434 0.026370 0.078106
0 0.167224 0.957952 0.028299 0.082927
0 0.198418 0.964220 0.034088 0.070392
0 0.230576 0.948792 0.036661 0.101249
0 0.253409 0.967887 0.021868 0.064226
0 0.292964 0.901060 0.026370 0.196712
0 0.319977 0.904435 0.026370 0.188033
0 0.341201 0.908292 0.021225 0.180319
0 0.368215 0.904917 0.032802 0.187069
0 0.457294 0.910703 0.042449 0.177426
0 0.482377 0.912632 0.018009 0.173569
0 0.499100 0.916971 0.020581 0.164891
0 0.528042 0.907328 0.041163 0.182247
0 0.557628 0.901542 0.024440 0.193819
0 0.579174 0.910221 0.026370 0.178390
0 0.607795 0.908774 0.030872 0.181283
0 0.635773 0.908102 0.027656 0.183796
0 0.664716 0.909739 0.031515 0.179355
0 0.735143 0.968559 0.048881 0.061713
0 0.777592 0.981577 0.036017 0.035678
0 0.800746 0.971934 0.033445 0.054964
0 0.822935 0.970970 0.032802 0.054964
0 0.848341 0.960845 0.041163 0.077142
0 0.878248 0.959881 0.032802 0.077142
0 0.902045 0.988809 0.018652 0.021214
0 0.907834 0.970488 0.025084 0.057856
0 0.930988 0.972416 0.028943 0.048214
0 0.956715 0.972899 0.036661 0.053035
0 0.982763 0.972226 0.030872 0.055547