0 0.494201 0.090274 0.651028 0.032947
0 0.490907 0.112678 0.723511 0.043490
0 0.494201 0.158803 0.748550 0.096205
0 0.485635 0.156827 0.517923 0.034265
0 0.546916 0.160121 0.680021 0.032947
0 0.532420 0.191091 0.703743 0.068529
0 0.555482 0.218766 0.689246 0.060622
0 0.581181 0.238535 0.490248 0.057986
0 0.535714 0.260938 0.768318 0.042172
0 0.489589 0.284001 0.694518 0.046125
0 0.510675 0.311017 0.607538 0.044808
0 0.531761 0.337375 0.702425 0.047443
0 0.462572 0.357143 0.682657 0.036900
0 0.482341 0.384818 0.661571 0.036900
0 0.449394 0.413152 0.735372 0.048761
0 0.473774 0.431603 0.739325 0.038218
0 0.535714 0.453347 0.665525 0.042172
0 0.504085 0.478387 0.734054 0.044808
0 0.540327 0.506062 0.767001 0.044808
0 0.542963 0.533079 0.780179 0.043490
0 0.506062 0.562731 0.869794 0.042172
0 0.479046 0.591724 0.770954 0.036900
0 0.495519 0.620717 0.693200 0.031629
0 0.467185 0.635872 0.715604 0.040854
0 0.517923 0.653664 0.801265 0.065894
0 0.533079 0.695177 0.668160 0.043490
0 0.501450 0.726147 0.623353 0.039536
0 0.514628 0.734054 0.776226 0.081708
0 0.459278 0.770295 0.676067 0.035582
0 0.488930 0.792040 0.795994 0.047443
0 0.496837 0.810490 0.777543 0.034265
0 0.502768 0.833553 0.773590 0.038218
0 0.483658 0.862546 0.648392 0.043490
0 0.496837 0.882314 0.788086 0.075119
0 0.500791 0.918556 0.785451 0.039536