0 0.438609 0.510848 0.031065 0.901381
0 0.465237 0.508876 0.025148 0.909270
0 0.495562 0.509862 0.026627 0.911243
0 0.517751 0.506903 0.023669 0.917160
0 0.545858 0.507890 0.020710 0.919132
0 0.572485 0.507890 0.026627 0.919132
0 0.602071 0.508876 0.026627 0.917160
0 0.632396 0.509862 0.034024 0.915187
0 0.656805 0.512821 0.026627 0.917160
0 0.686391 0.508876 0.032544 0.913215
0 0.713018 0.506903 0.029586 0.921105
0 0.766272 0.507890 0.035503 0.919132
0 0.792160 0.508876 0.031065 0.913215
0 0.818787 0.507890 0.031065 0.923077
0 0.741864 0.508876 0.031065 0.928994
0 0.848373 0.504931 0.034024 0.928994
0 0.870562 0.506903 0.039941 0.932939
0 0.899408 0.503945 0.044379 0.930966
0 0.925296 0.505917 0.054734 0.919132
0 0.955621 0.500986 0.059172 0.932939
0 0.974852 0.501972 0.047337 0.930966
0 0.412722 0.514793 0.038462 0.909270
0 0.386834 0.513807 0.042899 0.911243
0 0.342456 0.512821 0.069527 0.917160
0 0.290680 0.511834 0.072485 0.915187
0 0.244822 0.509862 0.078402 0.919132
0 0.181953 0.504931 0.085799 0.928994
0 0.125000 0.505917 0.090237 0.923077
0 0.071006 0.507890 0.085799 0.919132
0 0.033284 0.510848 0.066568 0.932939
0 0.046598 0.023176 0.093195 0.046351
0 0.530325 0.032051 0.770710 0.064103