0 0.474229 0.232677 0.515947 0.082001
0 0.488211 0.251640 0.353752 0.042025
0 0.477725 0.293665 0.548106 0.062526
0 0.513380 0.331591 0.546708 0.058426
0 0.496601 0.355679 0.507558 0.057401
0 0.516875 0.393091 0.441841 0.052276
0 0.459548 0.419742 0.550903 0.054326
0 0.436477 0.456130 0.560690 0.051251
0 0.451857 0.486880 0.574673 0.038950
0 0.461645 0.518143 0.566283 0.046125
0 0.425990 0.547868 0.562089 0.048175
0 0.465141 0.582718 0.567681 0.037925
0 0.436477 0.611931 0.566283 0.049200
0 0.470734 0.644219 0.556496 0.054326
0 0.481919 0.674969 0.559292 0.054326
0 0.459548 0.700082 0.581664 0.053301
0 0.468636 0.728782 0.546708 0.057401
0 0.474928 0.755433 0.531327 0.063551
0 0.456751 0.786695 0.472602 0.072776
0 0.506388 0.836408 0.446035 0.051251
0 0.400822 0.846658 0.439044 0.063551
0 0.381946 0.883046 0.437646 0.060476
0 0.386141 0.916359 0.493575 0.067651