0 0.005031 0.086716 0.007594 0.084871
0 0.014794 0.084256 0.013018 0.089791
0 0.035406 0.088868 0.007594 0.080566
0 0.050322 0.083333 0.016814 0.090406
0 0.066865 0.079951 0.014102 0.098401
0 0.081781 0.089483 0.013560 0.079336
0 0.097782 0.080873 0.017357 0.094096
0 0.115139 0.080566 0.016272 0.098401
0 0.130597 0.081796 0.012475 0.094711
0 0.142530 0.082718 0.010306 0.094096
0 0.153378 0.077798 0.009221 0.102706
0 0.189176 0.080258 0.008136 0.099016
0 0.200296 0.080566 0.014102 0.098401
0 0.214398 0.083641 0.014102 0.091021
0 0.228772 0.080873 0.012475 0.094096
0 0.219822 0.231242 0.009763 0.109471
0 0.208160 0.227860 0.014645 0.117466
0 0.191075 0.229705 0.019526 0.112546
0 0.170463 0.226015 0.020611 0.118696
0 0.152835 0.229705 0.013560 0.112546
0 0.138733 0.233395 0.014645 0.107626
0 0.123817 0.235547 0.016272 0.102091
0 0.106460 0.234625 0.020611 0.106396
0 0.089646 0.235855 0.013018 0.102706
0 0.074187 0.234010 0.016814 0.105166
0 0.056830 0.230320 0.015730 0.112546
0 0.042186 0.234932 0.012475 0.103321
0 0.027270 0.229705 0.015187 0.113776
0 0.009642 0.226937 0.017899 0.123001
0 0.008996 0.375848 0.017991 0.126771
0 0.027177 0.380312 0.018372 0.119033
0 0.043187 0.382990 0.013648 0.112487
0 0.055785 0.377336 0.012598 0.124985
0 0.068907 0.380014 0.013648 0.123200
0 0.084917 0.385966 0.016272 0.111296
0 0.102763 0.381502 0.017322 0.117843
0 0.122447 0.379419 0.015747 0.122009
0 0.136882 0.381800 0.013123 0.116058
0 0.151317 0.377634 0.015747 0.125580
0 0.166014 0.377931 0.012598 0.124985
0 0.185173 0.378526 0.023621 0.123795
0 0.204595 0.381502 0.014172 0.119033
0 0.222704 0.388049 0.022046 0.105940
0 0.009293 0.550911 0.017289 0.093981
0 0.027345 0.547452 0.017798 0.100899
0 0.042091 0.548316 0.011696 0.100323
0 0.053279 0.549181 0.010679 0.098593
0 0.063194 0.549758 0.009153 0.095134
0 0.074636 0.550334 0.011696 0.095134
0 0.086331 0.550911 0.009662 0.093981
0 0.095484 0.549758 0.009662 0.093981
0 0.105400 0.550911 0.011187 0.091674
0 0.118112 0.548893 0.014238 0.099170
0 0.132350 0.549181 0.012204 0.097440
0 0.142520 0.548893 0.007119 0.098017
0 0.152436 0.546587 0.011696 0.101476
0 0.165912 0.548605 0.013221 0.098593
0 0.179641 0.550046 0.013221 0.094557
0 0.190320 0.551776 0.006102 0.092251
0 0.200490 0.551199 0.015255 0.092251
0 0.213965 0.548316 0.013730 0.096863
0 0.227694 0.550911 0.012713 0.093981
0 0.004081 0.705859 0.007889 0.101196
0 0.013203 0.704741 0.009369 0.101196
0 0.023558 0.705021 0.010355 0.099519
0 0.033913 0.704741 0.009369 0.101196
0 0.046240 0.703623 0.015286 0.101196
0 0.059307 0.704741 0.009862 0.100078
0 0.069415 0.705021 0.011341 0.102874
0 0.080017 0.704182 0.008876 0.102315
0 0.089879 0.704462 0.009862 0.101756
0 0.099740 0.704182 0.008876 0.100078
0 0.112561 0.704462 0.015779 0.101756
0 0.125628 0.704182 0.010355 0.100078
0 0.135983 0.704182 0.009369 0.100078
0 0.146338 0.703902 0.008383 0.101756
0 0.155706 0.704182 0.010355 0.101196
0 0.166801 0.704182 0.009862 0.102315
0 0.176909 0.704182 0.009369 0.102315
0 0.188497 0.704182 0.012820 0.101196
0 0.203536 0.705859 0.016272 0.097842
0 0.222767 0.693839 0.022189 0.121883
0 0.204769 0.848988 0.012820 0.117969
0 0.184799 0.847031 0.023175 0.125238
0 0.165815 0.848429 0.011834 0.120206
0 0.151515 0.846193 0.017751 0.125797
0 0.137462 0.849827 0.010355 0.119647
0 0.122423 0.848429 0.017751 0.123560
0 0.102946 0.850386 0.019231 0.119647
0 0.085934 0.853461 0.014793 0.110142
0 0.070402 0.848149 0.016272 0.120765
0 0.056102 0.845633 0.010355 0.125797
0 0.043775 0.852343 0.015286 0.113497
0 0.027996 0.849268 0.016272 0.120765
0 0.009437 0.845354 0.018873 0.127474
0 0.223260 0.854859 0.023175 0.106228
0 0.264187 0.847870 0.021203 0.121324
0 0.281691 0.850945 0.014793 0.114056
0 0.295991 0.855977 0.012820 0.103992
0 0.312263 0.848708 0.016765 0.119647
0 0.312510 0.800067 0.001479 0.000000
0 0.332726 0.851504 0.025148 0.114056
0 0.350971 0.856256 0.011341 0.104551
0 0.363052 0.847590 0.010848 0.121883
0 0.376612 0.853740 0.015286 0.109583
0 0.391651 0.855138 0.013807 0.106787
0 0.408416 0.851504 0.016765 0.114056
0 0.426167 0.855977 0.018737 0.105110
0 0.445151 0.856536 0.019231 0.105110
0 0.464875 0.851504 0.022189 0.114056
0 0.510240 0.857934 0.007396 0.103433
0 0.524046 0.861009 0.019231 0.098401
0 0.544016 0.848429 0.021696 0.121324
0 0.563247 0.853461 0.015779 0.111260
0 0.576561 0.857654 0.010848 0.101756
0 0.590121 0.853740 0.015286 0.109583
0 0.607625 0.857374 0.018737 0.103433
0 0.627596 0.848708 0.019231 0.120765
0 0.644607 0.846752 0.015779 0.124679
0 0.662359 0.847870 0.020710 0.121324
0 0.684301 0.850665 0.023175 0.116851
0 0.704518 0.851784 0.017258 0.113497
0 0.718818 0.847031 0.011341 0.123001
0 0.730405 0.848149 0.011834 0.121883
0 0.740021 0.848429 0.008383 0.122442
0 0.773058 0.845354 0.021203 0.128592
0 0.791549 0.844236 0.013807 0.128592
0 0.803876 0.850386 0.011834 0.117410
0 0.816203 0.852063 0.011834 0.115174
0 0.834201 0.851504 0.023175 0.116292
0 0.857130 0.851224 0.020710 0.115733
0 0.874881 0.854020 0.013807 0.111260
0 0.890660 0.852063 0.016765 0.114056
0 0.905206 0.854579 0.012327 0.109024
0 0.918027 0.854020 0.013313 0.109024
0 0.932080 0.855977 0.014793 0.108465
0 0.945147 0.852343 0.010355 0.113497
0 0.956488 0.855977 0.011341 0.107347
0 0.969801 0.850665 0.015286 0.116851
0 0.979170 0.848708 0.009369 0.119647
0 0.992730 0.846752 0.013807 0.121324
0 0.996119 0.686571 0.007763 0.139774
0 0.983855 0.685732 0.016765 0.140333
0 0.961665 0.690484 0.027613 0.131947
0 0.937750 0.697193 0.022189 0.116292
0 0.919506 0.706418 0.014300 0.096724
0 0.900769 0.694118 0.024162 0.122442
0 0.883510 0.696355 0.009369 0.119088
0 0.869457 0.698871 0.016765 0.116292
0 0.852939 0.704182 0.015286 0.103433
0 0.840858 0.696914 0.008876 0.120206
0 0.829024 0.699709 0.013807 0.112378
0 0.814724 0.702505 0.013807 0.105669
0 0.798205 0.705300 0.018244 0.101196
0 0.776509 0.702505 0.022189 0.106787
0 0.731884 0.696634 0.026627 0.116292
0 0.715612 0.696355 0.006903 0.116851
0 0.702546 0.696914 0.017258 0.116851
0 0.683808 0.693280 0.019231 0.125238
0 0.663098 0.705300 0.013313 0.101196
0 0.652004 0.708655 0.009862 0.094487
0 0.638197 0.706698 0.016765 0.097283
0 0.622418 0.706418 0.013807 0.097842
0 0.607379 0.706978 0.015286 0.096724
0 0.592093 0.706418 0.016272 0.098960
0 0.578779 0.702225 0.008383 0.107347
0 0.567685 0.707257 0.012820 0.098401
0 0.553139 0.705300 0.012327 0.102315
0 0.539332 0.704741 0.014300 0.102315
0 0.260006 0.697580 0.014358 0.115585
0 0.271492 0.700293 0.008615 0.111244
0 0.288003 0.692967 0.021537 0.128066
0 0.304993 0.692967 0.011486 0.125895
0 0.322940 0.690797 0.022494 0.128066
0 0.338495 0.698665 0.009572 0.114500
0 0.348545 0.700564 0.010529 0.110701
0 0.358356 0.699750 0.010050 0.111244
0 0.367689 0.702192 0.007657 0.106360
0 0.379653 0.700564 0.015315 0.108530
0 0.394490 0.699750 0.013401 0.111244
0 0.409086 0.699750 0.013879 0.110158
0 0.421769 0.702464 0.010529 0.104732
0 0.265130 0.545335 0.022316 0.105957
0 0.283262 0.545335 0.014877 0.105957
0 0.298604 0.557986 0.015807 0.079599
0 0.317898 0.546916 0.023711 0.101740
0 0.339516 0.538482 0.018597 0.118608
0 0.356021 0.540854 0.013483 0.113864
0 0.368341 0.542963 0.011158 0.110701
0 0.379499 0.544544 0.011158 0.106484
0 0.389960 0.545071 0.009763 0.106484
0 0.402280 0.545598 0.014877 0.103321
0 0.417855 0.538745 0.015342 0.119135
0 0.433197 0.542963 0.013483 0.108593
0 0.455048 0.534792 0.014412 0.127043
0 0.468995 0.535055 0.014412 0.126516
0 0.483408 0.537164 0.015342 0.120190
0 0.375547 0.380865 0.015342 0.121771
0 0.354394 0.384555 0.027895 0.116500
0 0.328823 0.385082 0.019526 0.115445
0 0.312319 0.380865 0.013483 0.124934
0 0.296744 0.388772 0.011158 0.108065
0 0.283029 0.384818 0.015342 0.112810
0 0.263503 0.381128 0.022781 0.120190
0 0.406929 0.227728 0.010228 0.118081
0 0.425061 0.225883 0.025105 0.122826
0 0.444355 0.238798 0.012553 0.098050
0 0.461092 0.230891 0.019991 0.115973
0 0.481548 0.222193 0.020921 0.130206
0 0.256529 0.083289 0.006974 0.089615
0 0.265130 0.083026 0.010228 0.092251
0 0.277915 0.078018 0.013483 0.102267
0 0.291165 0.080127 0.013018 0.098050
0 0.303485 0.080390 0.011623 0.098577
0 0.316271 0.080127 0.013018 0.099104
0 0.331613 0.081708 0.016737 0.094887
0 0.345793 0.084607 0.012553 0.090142
0 0.357648 0.081972 0.012088 0.095414
0 0.373455 0.078809 0.018597 0.102794
0 0.391354 0.080127 0.017202 0.099104
0 0.404604 0.081708 0.009298 0.095941
0 0.418319 0.080390 0.017202 0.099631
0 0.435289 0.082235 0.016737 0.095941
0 0.447842 0.085134 0.007439 0.091197
0 0.460394 0.080390 0.016737 0.099631
0 0.472017 0.084607 0.007439 0.092251
0 0.478526 0.081972 0.005579 0.099631
0 0.486895 0.082762 0.008368 0.096995
0 0.618001 0.115973 0.097632 0.029520
0 0.514557 0.047970 0.008833 0.020032
0 0.771655 0.233790 0.016272 0.104902
0 0.784905 0.234317 0.010228 0.104902
0 0.793274 0.233790 0.005579 0.107011
0 0.803269 0.234844 0.014412 0.105957
0 0.821401 0.234581 0.021851 0.105430
0 0.841392 0.226147 0.019062 0.123353
0 0.859059 0.230100 0.016272 0.113337
0 0.872542 0.231154 0.009763 0.111228
0 0.883002 0.232736 0.010228 0.108065
0 0.893231 0.231945 0.010228 0.108593
0 0.905551 0.233790 0.014412 0.103848
0 0.921358 0.226147 0.014412 0.120190
0 0.935770 0.232209 0.014412 0.108065
0 0.951810 0.236162 0.017667 0.102267
0 0.971104 0.235372 0.020921 0.103848
0 0.991247 0.238535 0.017506 0.097522
0 0.847436 0.120717 0.110185 0.023195
0 0.842787 0.095414 0.093448 0.024249
0 0.843485 0.069056 0.111580 0.027412
0 0.517811 0.226674 0.019991 0.120190
0 0.534781 0.230891 0.014877 0.112810
0 0.546636 0.232472 0.009763 0.109647
0 0.560584 0.226674 0.017202 0.121244
0 0.575693 0.222984 0.013018 0.129678
0 0.589176 0.218503 0.013947 0.138640
0 0.603123 0.219294 0.013018 0.137059
0 0.615444 0.228255 0.010693 0.118081
0 0.627764 0.224302 0.013018 0.124934
0 0.643106 0.226937 0.016737 0.118608
0 0.658681 0.221139 0.015342 0.131260
0 0.671698 0.230100 0.010693 0.113337
0 0.682159 0.231945 0.011158 0.108593
0 0.692620 0.230891 0.008833 0.111755
0 0.702150 0.234844 0.007439 0.104902
0 0.713541 0.233263 0.014412 0.108065
0 0.728418 0.231682 0.013483 0.111228
0 0.740738 0.231682 0.010228 0.112283
0 0.727256 0.377174 0.016737 0.125988
0 0.740738 0.378756 0.009298 0.122826
0 0.715400 0.380865 0.006974 0.120717
0 0.701685 0.380074 0.021386 0.123353
0 0.683786 0.382446 0.013483 0.119663
0 0.672163 0.379547 0.010693 0.122298
0 0.657983 0.377438 0.018597 0.126516
0 0.641014 0.381919 0.015342 0.118608
0 0.627299 0.377965 0.013018 0.127570
0 0.615676 0.380337 0.010228 0.123880
0 0.599869 0.384291 0.021386 0.115973
0 0.512465 0.536110 0.007439 0.121244
0 0.523855 0.535055 0.014412 0.125461
0 0.542452 0.535055 0.023711 0.125461
0 0.561978 0.551133 0.010693 0.093305
0 0.575228 0.549288 0.014877 0.096995
0 0.586851 0.550606 0.009298 0.093305
0 0.598707 0.552188 0.014412 0.090142
0 0.611957 0.548761 0.013018 0.098050
0 0.625672 0.546916 0.013483 0.099631
0 0.638689 0.546653 0.011623 0.100158
0 0.648918 0.547970 0.008833 0.097522
0 0.661238 0.546916 0.014877 0.100685
0 0.677742 0.548234 0.018132 0.099104
0 0.691922 0.551397 0.010228 0.092778
0 0.704475 0.550343 0.013947 0.094887
0 0.720050 0.545862 0.018132 0.103848
0 0.737716 0.547970 0.018132 0.099631
0 0.996129 0.539009 0.007742 0.117554
0 0.983424 0.533210 0.016737 0.131260
0 0.968547 0.539009 0.013018 0.118608
0 0.954599 0.535582 0.015807 0.123353
0 0.940187 0.539009 0.013018 0.118608
0 0.926704 0.529784 0.014877 0.136004
0 0.912525 0.529784 0.013483 0.137059
0 0.900437 0.534792 0.010693 0.125988
0 0.885327 0.539536 0.020456 0.118608
0 0.869985 0.544544 0.008368 0.108593
0 0.859292 0.542699 0.012088 0.110174
0 0.844879 0.551397 0.010228 0.091724
0 0.833954 0.552451 0.010693 0.093832
0 0.823726 0.549025 0.010693 0.097522
0 0.806291 0.548761 0.016737 0.099104
0 0.792576 0.553506 0.009763 0.090669
0 0.780256 0.551661 0.013018 0.094360
0 0.768168 0.548761 0.011158 0.098050
0 0.772120 0.377965 0.020921 0.128624
0 0.790717 0.376384 0.015342 0.131787
0 0.804664 0.382710 0.012553 0.119135
0 0.816287 0.386927 0.011623 0.108593
0 0.830699 0.384555 0.017202 0.113337
0 0.843020 0.390880 0.007439 0.099631
0 0.857432 0.385082 0.019526 0.112283
0 0.874866 0.385872 0.014412 0.110701
0 0.890209 0.383500 0.016272 0.115445
0 0.905086 0.384818 0.012553 0.111755
0 0.917871 0.388772 0.013947 0.103848
0 0.931354 0.389035 0.013018 0.104375
0 0.944371 0.384555 0.011158 0.113337
0 0.956924 0.388245 0.013018 0.105957
0 0.969012 0.384291 0.011158 0.113864
0 0.981100 0.380074 0.012088 0.121244
0 0.993187 0.379020 0.013018 0.123353