0 0.025830 0.115775 0.027675 0.155904
0 0.063653 0.110240 0.042435 0.168819
0 0.099631 0.122694 0.023985 0.142066
0 0.121310 0.125461 0.024908 0.132841
0 0.148063 0.116697 0.032288 0.155904
0 0.196033 0.108395 0.061808 0.170664
0 0.242159 0.109779 0.039668 0.166052
0 0.292897 0.115314 0.071033 0.151292
0 0.350554 0.106550 0.047970 0.172509
0 0.386993 0.116236 0.028598 0.160517
0 0.416052 0.117620 0.031365 0.157749
0 0.443266 0.123155 0.030443 0.142989
0 0.469557 0.127768 0.025830 0.139299
0 0.491697 0.128229 0.027675 0.134686
0 0.525830 0.108856 0.044280 0.167897
0 0.574262 0.111162 0.047048 0.170664
0 0.628690 0.113469 0.058118 0.158672
0 0.666974 0.123155 0.029520 0.142989
0 0.699723 0.107011 0.043358 0.173432
0 0.747694 0.116236 0.058118 0.154982
0 0.790590 0.124077 0.027675 0.142989
0 0.814576 0.132380 0.022140 0.120849
0 0.838561 0.124539 0.031365 0.149446
0 0.863930 0.132841 0.023063 0.127306
0 0.887915 0.132380 0.024908 0.130074
0 0.913284 0.124539 0.029520 0.143911
0 0.939114 0.130535 0.023985 0.131919
0 0.969096 0.117620 0.043358 0.155904
0 0.978321 0.327952 0.021218 0.122694
0 0.956181 0.326107 0.021218 0.130074
0 0.925738 0.314114 0.041513 0.150369
0 0.882380 0.315037 0.035978 0.148524
0 0.850554 0.325646 0.022140 0.129151
0 0.826107 0.325185 0.021218 0.128229
0 0.033672 0.313192 0.037823 0.154059
0 0.067343 0.325185 0.022140 0.128229
0 0.091790 0.317804 0.026753 0.141144
0 0.116697 0.327952 0.021218 0.122694
0 0.140683 0.319649 0.028598 0.144834
0 0.165129 0.328875 0.025830 0.120849
0 0.197878 0.324723 0.056273 0.130996
0 0.220018 0.325185 0.056273 0.130074
0 0.240314 0.328875 0.052583 0.122694
0 0.278137 0.321956 0.034133 0.142066
0 0.307657 0.312731 0.034133 0.156827
0 0.387915 0.380535 0.133764 0.024908
0 0.409594 0.361162 0.147601 0.028598
0 0.392066 0.340867 0.134686 0.017528
0 0.401753 0.322417 0.141144 0.024908
0 0.498616 0.328413 0.024908 0.127306
0 0.519373 0.322878 0.023985 0.134686
0 0.546125 0.315959 0.027675 0.150369
0 0.574723 0.321033 0.027675 0.145756
0 0.617159 0.312269 0.059041 0.161439
0 0.662362 0.311808 0.036900 0.162362
0 0.695572 0.327030 0.027675 0.131919
0 0.722786 0.314576 0.028598 0.154982
0 0.767066 0.329797 0.058118 0.120849
0 0.790129 0.328875 0.054428 0.124539
0 0.041974 0.505535 0.054428 0.154982
0 0.077952 0.523063 0.026753 0.125461
0 0.096863 0.525369 0.027675 0.124539
0 0.119004 0.513838 0.029520 0.140221
0 0.147140 0.519373 0.026753 0.129151
0 0.167435 0.523063 0.026753 0.121771
0 0.197878 0.505996 0.039668 0.157749
0 0.224170 0.517528 0.025830 0.129151
0 0.246310 0.523524 0.025830 0.122694
0 0.268450 0.524446 0.025830 0.120849
0 0.298432 0.508303 0.043358 0.147601
0 0.341790 0.507841 0.047048 0.152214
0 0.388838 0.508303 0.056273 0.153137
0 0.441882 0.521218 0.049815 0.118081
0 0.468173 0.512915 0.063653 0.138376
0 0.512454 0.514299 0.030443 0.144834
0 0.539207 0.517066 0.030443 0.142989
0 0.561808 0.521679 0.029520 0.126384
0 0.585332 0.525830 0.026753 0.123616
0 0.607934 0.526292 0.022140 0.122694
0 0.636070 0.509686 0.035978 0.152214
0 0.745849 0.486624 0.131919 0.019373
0 0.740775 0.505996 0.145756 0.024908
0 0.737546 0.531827 0.148524 0.028598
0 0.736162 0.563653 0.156827 0.036900
0 0.826107 0.520295 0.026753 0.134686
0 0.847325 0.526292 0.026753 0.126384
0 0.871310 0.514299 0.028598 0.144834
0 0.909133 0.507841 0.048893 0.154059
0 0.936347 0.506919 0.046125 0.161439
0 0.971863 0.514760 0.035978 0.143911
0 0.027675 0.710332 0.031365 0.142066
0 0.063653 0.716328 0.051661 0.131919
0 0.101015 0.709871 0.034133 0.146679
0 0.126384 0.715867 0.023985 0.129151
0 0.146679 0.717251 0.022140 0.124539
0 0.168358 0.716790 0.024908 0.125461
0 0.201568 0.701107 0.039668 0.153137
0 0.293358 0.755074 0.154982 0.054428
0 0.290129 0.714483 0.154059 0.030443
0 0.284594 0.690037 0.133764 0.025830
0 0.384686 0.709871 0.031365 0.146679
0 0.419742 0.703875 0.042435 0.153137
0 0.453413 0.716790 0.026753 0.130996
0 0.478782 0.710332 0.025830 0.147601
0 0.506458 0.709871 0.031365 0.142989
0 0.532288 0.716328 0.027675 0.130074
0 0.551661 0.721863 0.023985 0.126384
0 0.583487 0.701107 0.035978 0.158672
0 0.614852 0.709410 0.024908 0.140221
0 0.642989 0.708948 0.031365 0.139299
0 0.707103 0.702030 0.100554 0.154982
0 0.780443 0.703875 0.057196 0.153137
0 0.817804 0.719096 0.019373 0.120849
0 0.835332 0.717712 0.028598 0.119926
0 0.861624 0.708948 0.025830 0.141144
0 0.885609 0.715406 0.027675 0.126384
0 0.908672 0.715867 0.020295 0.125461
0 0.928506 0.719557 0.023063 0.119926
0 0.949159 0.719045 0.026650 0.119926
0 0.974785 0.707257 0.030750 0.145551
0 0.950697 0.904059 0.058426 0.147601
0 0.912259 0.916872 0.026650 0.134276
0 0.031775 0.904059 0.036900 0.159902
0 0.061501 0.917897 0.030750 0.132226
0 0.089176 0.907647 0.028700 0.158877
0 0.134789 0.920459 0.054326 0.125051
0 0.154777 0.918922 0.057401 0.124026
0 0.195777 0.911234 0.034850 0.145551
0 0.223452 0.916872 0.028700 0.132226
0 0.243952 0.921997 0.022550 0.130176
0 0.268553 0.910209 0.028700 0.143501
0 0.292640 0.919947 0.025625 0.124026
0 0.311603 0.921484 0.024600 0.125051
0 0.341841 0.905084 0.039975 0.164002
0 0.374641 0.913797 0.031775 0.138376
0 0.417179 0.917384 0.065601 0.125051
0 0.459717 0.920972 0.027675 0.126076
0 0.483805 0.917897 0.028700 0.126076
0 0.508405 0.910722 0.034850 0.142476
0 0.536080 0.912772 0.028700 0.144526
0 0.578618 0.904572 0.058426 0.158877
0 0.634481 0.904059 0.059451 0.155802
0 0.713920 0.897909 0.113776 0.018450
0 0.725195 0.916872 0.126076 0.023575
0 0.725195 0.939422 0.128126 0.019475
0 0.735957 0.966072 0.153752 0.035875
0 0.829233 0.902522 0.030750 0.158877
0 0.859471 0.905084 0.031775 0.153752
0 0.886121 0.910722 0.025625 0.146576